DocumentID,ClusterID 
1,4
2,5
3,5
4,4
5,5
6,6
7,5
8,1
9,7
10,1
11,1
12,1
13,1
14,4
15,4
16,1
17,1
18,6
19,1
20,4
21,7
22,1
23,3
24,4
25,4
26,1
27,4
28,4
29,4
30,7
31,7
32,7
33,1
34,1
35,1
36,6
37,6
38,1
39,7
40,4
41,5
42,1
43,1
44,5
45,1
46,7
47,1
48,5
49,1
50,7
51,4
52,5
53,6
54,5
55,4
56,4
57,1
58,1
59,1
60,5
61,1
62,5
63,1
64,4
65,1
66,1
67,5
68,1
69,5
70,1
71,5
72,4
73,1
74,1
75,7
76,4
77,5
78,1
79,4
80,1
81,4
82,2
83,1
84,1
85,1
86,1
87,1
88,1
89,1
90,4
91,4
92,7
93,4
94,1
95,1
96,1
97,4
98,5
99,1
100,1
101,3
102,1
103,5
104,1
105,1
106,5
107,4
108,1
109,1
110,4
111,6
112,1
113,4
114,1
115,1
116,4
117,1
118,1
119,3
120,3
121,4
122,4
123,6
124,5
125,6
126,1
127,5
128,7
129,6
130,5
131,7
132,1
133,3
134,4
135,5
136,4
137,1
138,1
139,5
140,1
141,7
142,1
143,6
144,6
145,6
146,3
147,6
148,7
149,4
150,7
151,7
152,1
153,1
154,5
155,3
156,6
157,7
158,7
159,3
160,6
161,4
162,1
163,3
164,1
165,7
166,1
167,1
168,5
169,7
170,1
171,6
172,6
173,1
174,4
175,4
176,3
177,6
178,4
179,4
180,4
181,1
182,1
183,1
184,3
185,6
186,1
187,3
188,1
189,1
190,7
191,1
192,1
193,1
194,1
195,7
196,4
197,1
198,3
199,1
200,7
201,1
202,1
203,1
204,4
205,4
206,1
207,7
208,3
209,1
210,6
211,4
212,5
213,4
214,3
215,3
216,5
217,4
218,7
219,4
220,7
221,1
222,5
223,4
224,4
225,7
226,1
227,3
228,4
229,7
230,7
231,7
232,4
233,3
234,3
235,7
236,7
237,3
238,3
239,6
240,4
241,4
242,1
243,6
244,1
245,1
246,3
247,3
248,4
249,1
250,4
251,7
252,1
253,4
254,4
255,4
256,4
257,1
258,1
259,1
260,3
261,1
262,7
263,1
264,4
265,3
266,1
267,3
268,7
269,7
270,7
271,6
272,4
273,4
274,3
275,1
276,1
277,1
278,7
279,1
280,1
281,1
282,1
283,4
284,4
285,3
286,6
287,1
288,1
289,1
290,7
291,1
292,4
293,4
294,3
295,2
296,4
297,1
298,3
299,4
300,7
301,6
302,3
303,3
304,6
305,7
306,5
307,1
308,7
309,6
310,4
311,1
312,1
313,7
314,7
315,1
316,1
317,4
318,1
319,3
320,3
321,1
322,1
323,7
324,1
325,1
326,1
327,4
328,7
329,1
330,1
331,3
332,1
333,1
334,1
335,5
336,1
337,1
338,7
339,1
340,1
341,1
342,7
343,1
344,7
345,3
346,1
347,3
348,4
349,1
350,1
351,7
352,1
353,3
354,1
355,1
356,1
357,1
358,4
359,7
360,1
361,3
362,4
363,4
364,1
365,4
366,3
367,1
368,1
369,1
370,1
371,1
372,7
373,1
374,3
375,1
376,1
377,7
378,1
379,7
380,1
381,4
382,3
383,4
384,1
385,1
386,7
387,1
388,4
389,1
390,3
391,7
392,1
393,3
394,3
395,1
396,1
397,4
398,1
399,7
400,4
401,7
402,4
403,1
404,1
405,5
406,1
407,7
408,1
409,7
410,1
411,1
412,1
413,7
414,1
415,3
416,7
417,1
418,1
419,4
420,1
421,7
422,7
423,3
424,1
425,1
426,1
427,7
428,6
429,1
430,1
431,4
432,1
433,1
434,1
435,4
436,1
437,1
438,7
439,6
440,3
441,1
442,1
443,7
444,4
445,6
446,1
447,5
448,4
449,1
450,5
451,1
452,7
453,1
454,1
455,1
456,1
457,3
458,3
459,4
460,7
461,1
462,1
463,3
464,7
465,3
466,1
467,7
468,1
469,1
470,1
471,1
472,1
473,1
474,1
475,1
476,4
477,1
478,1
479,3
480,3
481,4
482,1
483,7
484,6
485,5
486,3
487,3
488,4
489,7
490,1
491,7
492,1
493,7
494,5
495,7
496,4
497,1
498,6
499,5
500,1
501,3
502,1
503,4
504,1
505,1
506,7
507,4
508,7
509,1
510,5
511,7
512,1
513,1
514,3
515,3
516,1
517,3
518,1
519,1
520,1
521,1
522,1
523,4
524,1
525,1
526,5
527,1
528,1
529,1
530,1
531,1
532,5
533,1
534,5
535,1
536,1
537,7
538,7
539,1
540,1
541,1
542,5
543,3
544,3
545,1
546,5
547,1
548,3
549,1
550,7
551,1
552,1
553,5
554,1
555,1
556,1
557,5
558,7
559,7
560,4
561,1
562,1
563,7
564,1
565,7
566,1
567,1
568,1
569,1
570,1
571,3
572,1
573,5
574,1
575,4
576,5
577,7
578,1
579,1
580,3
581,1
582,1
583,1
584,4
585,3
586,7
587,7
588,5
589,4
590,1
591,4
592,7
593,1
594,7
595,1
596,3
597,7
598,1
599,1
600,7
601,4
602,4
603,7
604,3
605,6
606,1
607,1
608,7
609,1
610,1
611,1
612,3
613,1
614,3
615,4
616,7
617,1
618,7
619,1
620,7
621,1
622,1
623,1
624,3
625,1
626,5
627,4
628,3
629,3
630,4
631,1
632,7
633,1
634,1
635,6
636,1
637,1
638,7
639,1
640,7
641,1
642,1
643,1
644,3
645,1
646,4
647,7
648,4
649,1
650,1
651,3
652,4
653,1
654,1
655,1
656,3
657,1
658,3
659,1
660,7
661,7
662,4
663,7
664,1
665,3
666,3
667,4
668,1
669,1
670,1
671,4
672,1
673,4
674,4
675,1
676,1
677,1
678,3
679,1
680,1
681,7
682,5
683,4
684,6
685,1
686,3
687,1
688,1
689,4
690,7
691,4
692,4
693,3
694,3
695,1
696,1
697,4
698,1
699,1
700,7
701,1
702,1
703,5
704,7
705,3
706,1
707,1
708,1
709,1
710,1
711,1
712,1
713,7
714,4
715,1
716,4
717,7
718,1
719,1
720,1
721,3
722,3
723,1
724,5
725,1
726,1
727,3
728,7
729,1
730,3
731,1
732,1
733,1
734,7
735,1
736,1
737,1
738,3
739,1
740,1
741,7
742,1
743,1
744,7
745,4
746,4
747,3
748,1
749,7
750,1
751,7
752,1
753,1
754,7
755,1
756,1
757,1
758,3
759,1
760,4
761,7
762,4
763,7
764,5
765,5
766,6
767,4
768,3
769,1
770,7
771,6
772,3
773,4
774,1
775,1
776,1
777,7
778,1
779,1
780,3
781,7
782,3
783,1
784,1
785,3
786,7
787,1
788,7
789,7
790,1
791,7
792,1
793,1
794,1
795,1
796,1
797,1
798,3
799,4
800,1
801,1
802,1
803,1
804,7
805,7
806,1
807,3
808,1
809,1
810,1
811,3
812,4
813,1
814,4
815,1
816,1
817,5
818,7
819,4
820,1
821,1
822,1
823,3
824,1
825,1
826,1
827,3
828,1
829,1
830,7
831,4
832,1
833,4
834,1
835,7
836,3
837,1
838,1
839,1
840,4
841,7
842,3
843,4
844,1
845,3
846,7
847,1
848,1
849,1
850,4
851,1
852,1
853,7
854,3
855,4
856,4
857,1
858,4
859,5
860,4
861,7
862,1
863,4
864,6
865,1
866,7
867,1
868,1
869,4
870,7
871,1
872,1
873,4
874,3
875,1
876,7
877,3
878,7
879,1
880,4
881,1
882,3
883,4
884,1
885,1
886,3
887,1
888,7
889,1
890,1
891,1
892,1
893,4
894,1
895,3
896,7
897,3
898,1
899,1
900,4
901,1
902,1
903,1
904,7
905,1
906,3
907,7
908,5
909,4
910,1
911,1
912,1
913,4
914,3
915,1
916,7
917,4
918,7
919,3
920,1
921,1
922,1
923,1
924,1
925,4
926,3
927,1
928,1
929,1
930,4
931,1
932,3
933,1
934,1
935,1
936,1
937,1
938,1
939,1
940,1
941,1
942,1
943,1
944,1
945,7
946,1
947,4
948,1
949,1
950,3
951,7
952,1
953,3
954,1
955,1
956,7
957,1
958,1
959,7
960,1
961,1
962,3
963,6
964,1
965,4
966,6
967,7
968,5
969,7
970,1
971,7
972,1
973,1
974,4
975,6
976,3
977,1
978,1
979,3
980,1
981,1
982,1
983,7
984,1
985,1
986,1
987,7
988,7
989,1
990,1
991,3
992,3
993,1
994,1
995,7
996,1
997,3
998,1
999,4
1000,3
1001,4
1002,1
1003,1
1004,1
1005,1
1006,4
1007,1
1008,7
1009,1
1010,1
1011,4
1012,7
1013,4
1014,1
1015,1
1016,1
1017,1
1018,7
1019,3
1020,1
1021,3
1022,1
1023,7
1024,1
1025,4
1026,3
1027,1
1028,7
1029,4
1030,4
1031,1
1032,1
1033,3
1034,1
1035,4
1036,1
1037,7
1038,1
1039,1
1040,1
1041,1
1042,4
1043,7
1044,3
1045,4
1046,1
1047,4
1048,3
1049,1
1050,1
1051,7
1052,7
1053,1
1054,4
1055,1
1056,1
1057,3
1058,1
1059,6
1060,1
1061,4
1062,1
1063,4
1064,3
1065,1
1066,6
1067,1
1068,1
1069,4
1070,1
1071,1
1072,4
1073,1
1074,7
1075,5
1076,7
1077,4
1078,1
1079,5
1080,6
1081,1
1082,1
1083,1
1084,3
1085,1
1086,6
1087,1
1088,7
1089,3
1090,7
1091,7
1092,1
1093,5
1094,7
1095,1
1096,3
1097,1
1098,4
1099,1
1100,1
1101,1
1102,7
1103,3
1104,3
1105,1
1106,1
1107,3
1108,1
1109,7
1110,4
1111,1
1112,1
1113,3
1114,1
1115,1
1116,7
1117,1
1118,7
1119,1
1120,4
1121,4
1122,1
1123,1
1124,3
1125,1
1126,3
1127,4
1128,7
1129,3
1130,1
1131,7
1132,1
1133,4
1134,4
1135,1
1136,1
1137,1
1138,4
1139,4
1140,7
1141,1
1142,1
1143,1
1144,1
1145,1
1146,1
1147,3
1148,7
1149,3
1150,1
1151,1
1152,4
1153,1
1154,1
1155,1
1156,7
1157,1
1158,1
1159,7
1160,4
1161,1
1162,3
1163,3
1164,1
1165,1
1166,3
1167,3
1168,1
1169,7
1170,5
1171,4
1172,1
1173,1
1174,3
1175,1
1176,6
1177,4
1178,7
1179,4
1180,4
1181,7
1182,1
1183,3
1184,1
1185,7
1186,1
1187,1
1188,1
1189,1
1190,3
1191,1
1192,4
1193,4
1194,4
1195,4
1196,1
1197,1
1198,3
1199,1
1200,1
1201,1
1202,1
1203,4
1204,1
1205,1
1206,1
1207,3
1208,1
1209,4
1210,1
1211,7
1212,4
1213,3
1214,5
1215,7
1216,4
1217,1
1218,1
1219,1
1220,1
1221,7
1222,3
1223,4
1224,6
1225,1
1226,1
1227,7
1228,7
1229,3
1230,1
1231,1
1232,4
1233,3
1234,5
1235,1
1236,1
1237,4
1238,3
1239,1
1240,5
1241,4
1242,1
1243,1
1244,4
1245,7
1246,7
1247,4
1248,5
1249,3
1250,1
1251,7
1252,1
1253,7
1254,1
1255,1
1256,5
1257,1
1258,1
1259,1
1260,1
1261,6
1262,1
1263,3
1264,1
1265,1
1266,1
1267,7
1268,3
1269,1
1270,3
1271,7
1272,1
1273,1
1274,1
1275,1
1276,1
1277,1
1278,4
1279,3
1280,1
1281,1
1282,4
1283,7
1284,1
1285,1
1286,1
1287,6
1288,4
1289,1
1290,1
1291,4
1292,1
1293,3
1294,6
1295,7
1296,1
1297,1
1298,1
1299,3
1300,1
1301,7
1302,1
1303,1
1304,1
1305,4
1306,1
1307,4
1308,1
1309,1
1310,4
1311,1
1312,1
1313,7
1314,7
1315,4
1316,4
1317,3
1318,3
1319,3
1320,7
1321,7
1322,1
1323,4
1324,3
1325,7
1326,1
1327,1
1328,3
1329,4
1330,1
1331,1
1332,3
1333,1
1334,7
1335,4
1336,1
1337,1
1338,3
1339,1
1340,1
1341,1
1342,4
1343,1
1344,1
1345,7
1346,1
1347,1
1348,4
1349,4
1350,1
1351,1
1352,1
1353,7
1354,3
1355,7
1356,3
1357,7
1358,1
1359,1
1360,1
1361,1
1362,1
1363,1
1364,1
1365,4
1366,4
1367,6
1368,4
1369,1
1370,5
1371,1
1372,3
1373,1
1374,1
1375,1
1376,1
1377,1
1378,7
1379,7
1380,1
1381,5
1382,3
1383,1
1384,1
1385,1
1386,6
1387,1
1388,3
1389,1
1390,1
1391,5
1392,3
1393,1
1394,1
1395,7
1396,1
1397,1
1398,4
1399,1
1400,1
1401,1
1402,4
1403,1
1404,7
1405,3
1406,7
1407,4
1408,7
1409,1
1410,1
1411,1
1412,1
1413,1
1414,7
1415,3
1416,1
1417,5
1418,1
1419,1
1420,1
1421,1
1422,3
1423,4
1424,1
1425,7
1426,1
1427,4
1428,1
1429,7
1430,4
1431,1
1432,3
1433,1
1434,4
1435,1
1436,1
1437,1
1438,7
1439,3
1440,1
1441,6
1442,1
1443,1
1444,3
1445,1
1446,7
1447,1
1448,1
1449,3
1450,1
1451,1
1452,1
1453,1
1454,4
1455,6
1456,1
1457,1
1458,1
1459,5
1460,4
1461,1
1462,4
1463,3
1464,5
1465,1
1466,1
1467,4
1468,1
1469,7
1470,1
1471,7
1472,3
1473,1
1474,1
1475,1
1476,7
1477,1
1478,3
1479,1
1480,1
1481,7
1482,3
1483,1
1484,1
1485,1
1486,1
1487,1
1488,1
1489,3
1490,4
1491,1
1492,1
1493,7
1494,7
1495,4
1496,1
1497,1
1498,7
1499,4
1500,1
1501,3
1502,3
1503,1
1504,4
1505,1
1506,7
1507,1
1508,7
1509,1
1510,1
1511,3
1512,4
1513,1
1514,4
1515,1
1516,4
1517,7
1518,6
1519,4
1520,1
1521,1
1522,1
1523,1
1524,7
1525,1
1526,7
1527,1
1528,1
1529,1
1530,3
1531,3
1532,3
1533,1
1534,1
1535,1
1536,1
1537,3
1538,3
1539,4
1540,3
1541,3
1542,1
1543,1
1544,7
1545,1
1546,1
1547,7
1548,5
1549,1
1550,1
1551,6
1552,1
1553,1
1554,4
1555,6
1556,1
1557,6
1558,7
1559,3
1560,1
1561,7
1562,5
1563,1
1564,1
1565,1
1566,7
1567,3
1568,1
1569,1
1570,7
1571,3
1572,4
1573,4
1574,1
1575,4
1576,3
1577,1
1578,4
1579,7
1580,4
1581,1
1582,3
1583,3
1584,1
1585,4
1586,4
1587,3
1588,7
1589,3
1590,1
1591,4
1592,4
1593,4
1594,1
1595,1
1596,1
1597,3
1598,1
1599,1
1600,4
1601,7
1602,1
1603,3
1604,3
1605,1
1606,1
1607,7
1608,1
1609,1
1610,1
1611,1
1612,4
1613,1
1614,5
1615,1
1616,1
1617,1
1618,7
1619,3
1620,1
1621,7
1622,3
1623,7
1624,4
1625,1
1626,4
1627,1
1628,1
1629,3
1630,1
1631,5
1632,1
1633,1
1634,1
1635,1
1636,4
1637,1
1638,1
1639,7
1640,1
1641,1
1642,3
1643,4
1644,3
1645,7
1646,1
1647,1
1648,4
1649,1
1650,7
1651,7
1652,1
1653,7
1654,3
1655,4
1656,4
1657,3
1658,4
1659,1
1660,4
1661,1
1662,7
1663,7
1664,1
1665,1
1666,1
1667,1
1668,6
1669,1
1670,7
1671,1
1672,1
1673,3
1674,7
1675,7
1676,1
1677,1
1678,4
1679,3
1680,1
1681,4
1682,1
1683,4
1684,4
1685,1
1686,1
1687,1
1688,1
1689,3
1690,4
1691,3
1692,1
1693,1
1694,3
1695,7
1696,1
1697,7
1698,3
1699,1
1700,1
1701,3
1702,1
1703,1
1704,7
1705,6
1706,7
1707,1
1708,7
1709,6
1710,1
1711,7
1712,1
1713,4
1714,4
1715,1
1716,1
1717,4
1718,3
1719,1
1720,3
1721,4
1722,1
1723,1
1724,1
1725,1
1726,1
1727,1
1728,7
1729,1
1730,1
1731,1
1732,3
1733,1
1734,1
1735,1
1736,1
1737,1
1738,7
1739,7
1740,1
1741,1
1742,1
1743,5
1744,1
1745,7
1746,1
1747,5
1748,3
1749,1
1750,1
1751,1
1752,7
1753,1
1754,7
1755,1
1756,1
1757,3
1758,7
1759,5
1760,7
1761,4
1762,4
1763,3
1764,3
1765,1
1766,1
1767,1
1768,3
1769,1
1770,1
1771,1
1772,1
1773,7
1774,1
1775,1
1776,1
1777,1
1778,7
1779,1
1780,1
1781,1
1782,1
1783,6
1784,4
1785,3
1786,4
1787,4
1788,1
1789,1
1790,1
1791,7
1792,1
1793,4
1794,1
1795,4
1796,3
1797,4
1798,1
1799,7
1800,7
1801,1
1802,1
1803,1
1804,3
1805,1
1806,7
1807,4
1808,6
1809,7
1810,3
1811,4
1812,1
1813,1
1814,1
1815,3
1816,1
1817,4
1818,1
1819,1
1820,3
1821,1
1822,7
1823,4
1824,1
1825,4
1826,1
1827,4
1828,3
1829,1
1830,1
1831,1
1832,1
1833,4
1834,1
1835,7
1836,3
1837,1
1838,1
1839,3
1840,1
1841,1
1842,1
1843,7
1844,1
1845,7
1846,1
1847,1
1848,4
1849,3
1850,4
1851,1
1852,1
1853,1
1854,1
1855,7
1856,1
1857,1
1858,1
1859,3
1860,4
1861,4
1862,1
1863,4
1864,7
1865,1
1866,7
1867,4
1868,1
1869,1
1870,1
1871,5
1872,1
1873,4
1874,1
1875,3
1876,4
1877,3
1878,4
1879,1
1880,3
1881,6
1882,7
1883,4
1884,3
1885,5
1886,3
1887,4
1888,1
1889,1
1890,1
1891,3
1892,1
1893,3
1894,1
1895,1
1896,1
1897,7
1898,4
1899,1
1900,1
1901,1
1902,4
1903,1
1904,7
1905,1
1906,3
1907,6
1908,1
1909,1
1910,7
1911,6
1912,3
1913,1
1914,1
1915,4
1916,7
1917,2
1918,1
1919,1
1920,5
1921,6
1922,1
1923,7
1924,1
1925,3
1926,7
1927,4
1928,1
1929,4
1930,1
1931,7
1932,4
1933,7
1934,4
1935,5
1936,3
1937,7
1938,4
1939,5
1940,5
1941,3
1942,1
1943,4
1944,1
1945,7
1946,1
1947,5
1948,3
1949,1
1950,7
1951,1
1952,4
1953,1
1954,1
1955,5
1956,3
1957,1
1958,4
1959,1
1960,1
1961,1
1962,1
1963,1
1964,4
1965,7
1966,1
1967,1
1968,4
1969,1
1970,3
1971,1
1972,7
1973,3
1974,4
1975,1
1976,1
1977,5
1978,4
1979,3
1980,5
1981,1
1982,4
1983,7
1984,1
1985,3
1986,1
1987,7
1988,1
1989,4
1990,1
1991,1
1992,3
1993,1
1994,7
1995,4
1996,7
1997,4
1998,1
1999,3
2000,1
2001,1
2002,4
2003,1
2004,3
2005,1
2006,1
2007,1
2008,4
2009,4
2010,5
2011,1
2012,1
2013,3
2014,1
2015,1
2016,1
2017,1
2018,7
2019,1
2020,6
2021,7
2022,1
2023,5
2024,1
2025,1
2026,4
2027,3
2028,4
2029,4
2030,1
2031,3
2032,1
2033,1
2034,1
2035,1
2036,1
2037,4
2038,1
2039,1
2040,5
2041,1
2042,3
2043,7
2044,5
2045,4
2046,3
2047,1
2048,5
2049,1
2050,1
2051,1
2052,7
2053,1
2054,7
2055,1
2056,1
2057,1
2058,3
2059,4
2060,1
2061,3
2062,7
2063,7
2064,5
2065,1
2066,7
2067,1
2068,5
2069,1
2070,3
2071,4
2072,1
2073,7
2074,5
2075,1
2076,5
2077,1
2078,1
2079,3
2080,1
2081,4
2082,1
2083,4
2084,4
2085,1
2086,1
2087,3
2088,4
2089,7
2090,1
2091,1
2092,1
2093,1
2094,6
2095,1
2096,4
2097,1
2098,7
2099,1
2100,7
2101,1
2102,4
2103,1
2104,1
2105,1
2106,1
2107,1
2108,1
2109,3
2110,1
2111,3
2112,5
2113,1
2114,1
2115,1
2116,3
2117,4
2118,1
2119,7
2120,1
2121,3
2122,1
2123,6
2124,5
2125,1
2126,1
2127,1
2128,1
2129,2
2130,3
2131,6
2132,4
2133,1
2134,6
2135,1
2136,1
2137,7
2138,1
2139,1
2140,3
2141,3
2142,1
2143,1
2144,7
2145,7
2146,1
2147,4
2148,1
2149,7
2150,4
2151,4
2152,3
2153,3
2154,1
2155,3
2156,7
2157,4
2158,1
2159,3
2160,7
2161,1
2162,3
2163,1
2164,1
2165,1
2166,7
2167,1
2168,1
2169,1
2170,1
2171,1
2172,1
2173,7
2174,1
2175,7
2176,1
2177,1
2178,1
2179,1
2180,4
2181,7
2182,3
2183,3
2184,7
2185,6
2186,1
2187,1
2188,1
2189,1
2190,1
2191,1
2192,1
2193,3
2194,1
2195,7
2196,1
2197,1
2198,3
2199,1
2200,1
2201,3
2202,6
2203,3
2204,1
2205,7
2206,1
2207,7
2208,4
2209,4
2210,5
2211,7
2212,4
2213,3
2214,3
2215,1
2216,7
2217,1
2218,5
2219,7
2220,1
2221,1
2222,1
2223,4
2224,1
2225,1
2226,6
2227,1
2228,1
2229,1
2230,1
2231,3
2232,7
2233,7
2234,7
2235,1
2236,4
2237,1
2238,3
2239,1
2240,7
2241,1
2242,1
2243,1
2244,1
2245,5
2246,5
2247,4
2248,1
2249,1
2250,1
2251,1
2252,1
2253,3
2254,7
2255,1
2256,7
2257,1
2258,1
2259,1
2260,7
2261,3
2262,1
2263,3
2264,7
2265,4
2266,3
2267,4
2268,1
2269,7
2270,1
2271,1
2272,7
2273,1
2274,1
2275,1
2276,4
2277,4
2278,1
2279,4
2280,4
2281,7
2282,4
2283,1
2284,1
2285,3
2286,1
2287,6
2288,1
2289,7
2290,1
2291,3
2292,4
2293,1
2294,4
2295,5
2296,1
2297,1
2298,1
2299,7
2300,1
2301,4
2302,4
2303,1
2304,1
2305,1
2306,4
2307,3
2308,1
2309,4
2310,4
2311,1
2312,1
2313,1
2314,4
2315,4
2316,7
2317,1
2318,1
2319,4
2320,1
2321,3
2322,3
2323,1
2324,6
2325,1
2326,1
2327,1
2328,1
2329,7
2330,1
2331,6
2332,1
2333,3
2334,7
2335,4
2336,3
2337,1
2338,7
2339,4
2340,7
2341,1
2342,7
2343,1
2344,4
2345,1
2346,1
2347,4
2348,7
2349,7
2350,4
2351,5
2352,1
2353,3
2354,3
2355,1
2356,1
2357,4
2358,1
2359,3
2360,3
2361,1
2362,6
2363,7
2364,1
2365,1
2366,4
2367,1
2368,1
2369,7
2370,3
2371,5
2372,1
2373,1
2374,4
2375,3
2376,4
2377,4
2378,4
2379,7
2380,4
2381,1
2382,1
2383,3
2384,7
2385,5
2386,7
2387,1
2388,1
2389,3
2390,1
2391,3
2392,4
2393,1
2394,1
2395,7
2396,4
2397,1
2398,5
2399,7
2400,1
2401,1
2402,5
2403,3
2404,1
2405,4
2406,1
2407,3
2408,4
2409,4
2410,1
2411,1
2412,1
2413,1
2414,7
2415,7
2416,3
2417,4
2418,1
2419,3
2420,1
2421,4
2422,7
2423,1
2424,1
2425,5
2426,4
2427,3
2428,1
2429,1
2430,4
2431,1
2432,1
2433,6
2434,1
2435,6
2436,1
2437,6
2438,7
2439,4
2440,3
2441,3
2442,7
2443,1
2444,1
2445,1
2446,1
2447,7
2448,1
2449,5
2450,1
2451,3
2452,1
2453,3
2454,1
2455,1
2456,4
2457,1
2458,7
2459,3
2460,1
2461,1
2462,1
2463,1
2464,1
2465,1
2466,1
2467,1
2468,7
2469,1
2470,5
2471,4
2472,7
2473,1
2474,1
2475,3
2476,1
2477,1
2478,7
2479,1
2480,4
2481,7
2482,1
2483,4
2484,4
2485,1
2486,1
2487,4
2488,4
2489,3
2490,1
2491,4
2492,4
2493,4
2494,7
2495,7
2496,3
2497,1
2498,1
2499,7
2500,1
2501,1
2502,3
2503,4
2504,1
2505,6
2506,3
2507,3
2508,7
2509,4
2510,7
2511,1
2512,3
2513,4
2514,1
2515,4
2516,7
2517,1
2518,1
2519,3
2520,1
2521,1
2522,1
2523,1
2524,1
2525,3
2526,4
2527,1
2528,6
2529,4
2530,3
2531,1
2532,1
2533,1
2534,4
2535,7
2536,1
2537,4
2538,1
2539,3
2540,1
2541,7
2542,1
2543,1
2544,1
2545,1
2546,7
2547,1
2548,1
2549,3
2550,7
2551,7
2552,3
2553,7
2554,7
2555,1
2556,4
2557,7
2558,1
2559,6
2560,7
2561,1
2562,4
2563,1
2564,1
2565,7
2566,1
2567,1
2568,4
2569,3
2570,1
2571,7
2572,1
2573,1
2574,3
2575,7
2576,4
2577,4
2578,4
2579,4
2580,1
2581,1
2582,4
2583,5
2584,1
2585,3
2586,4
2587,7
2588,1
2589,7
2590,1
2591,1
2592,5
2593,3
2594,4
2595,1
2596,4
2597,1
2598,2
2599,4
2600,1
2601,1
2602,5
2603,1
2604,1
2605,1
2606,7
2607,1
2608,7
2609,1
2610,1
2611,1
2612,1
2613,7
2614,4
2615,4
2616,1
2617,1
2618,1
2619,3
2620,3
2621,5
2622,1
2623,7
2624,1
2625,3
2626,1
2627,4
2628,1
2629,6
2630,4
2631,4
2632,1
2633,4
2634,1
2635,1
2636,4
2637,7
2638,6
2639,4
2640,4
2641,3
2642,5
2643,7
2644,4
2645,3
2646,3
2647,1
2648,1
2649,7
2650,1
2651,4
2652,4
2653,1
2654,3
2655,1
2656,1
2657,7
2658,1
2659,1
2660,3
2661,1
2662,1
2663,1
2664,1
2665,4
2666,1
2667,7
2668,1
2669,4
2670,7
2671,3
2672,1
2673,1
2674,7
2675,1
2676,4
2677,1
2678,3
2679,1
2680,1
2681,1
2682,7
2683,7
2684,3
2685,1
2686,3
2687,1
2688,1
2689,1
2690,1
2691,4
2692,1
2693,1
2694,1
2695,1
2696,3
2697,1
2698,1
2699,4
2700,3
2701,7
2702,1
2703,1
2704,3
2705,1
2706,1
2707,1
2708,4
2709,1
2710,7
2711,1
2712,1
2713,1
2714,7
2715,1
2716,3
2717,3
2718,1
2719,1
2720,5
2721,5
2722,5
2723,2
2724,4
2725,7
2726,3
2727,3
2728,1
2729,1
2730,4
2731,4
2732,4
2733,5
2734,4
2735,7
2736,1
2737,1
2738,7
2739,4
2740,3
2741,6
2742,1
2743,3
2744,1
2745,1
2746,1
2747,7
2748,1
2749,4
2750,1
2751,1
2752,7
2753,1
2754,1
2755,1
2756,4
2757,3
2758,1
2759,1
2760,4
2761,7
2762,4
2763,1
2764,1
2765,3
2766,3
2767,1
2768,1
2769,3
2770,1
2771,7
2772,7
2773,5
2774,3
2775,1
2776,1
2777,4
2778,4
2779,1
2780,1
2781,1
2782,3
2783,1
2784,5
2785,1
2786,1
2787,3
2788,4
2789,4
2790,7
2791,1
2792,4
2793,1
2794,1
2795,4
2796,7
2797,7
2798,3
2799,4
2800,1
2801,4
2802,1
2803,4
2804,3
2805,1
2806,1
2807,1
2808,7
2809,1
2810,7
2811,5
2812,3
2813,4
2814,7
2815,3
2816,1
2817,7
2818,4
2819,1
2820,1
2821,2
2822,4
2823,7
2824,1
2825,3
2826,1
2827,1
2828,2
2829,7
2830,6
2831,1
2832,6
2833,4
2834,7
2835,1
2836,1
2837,7
2838,6
2839,3
2840,3
2841,7
2842,1
2843,7
2844,1
2845,1
2846,1
2847,3
2848,1
2849,1
2850,1
2851,1
2852,6
2853,7
2854,3
2855,5
2856,1
2857,1
2858,1
2859,1
2860,3
2861,1
2862,5
2863,4
2864,3
2865,4
2866,7
2867,7
2868,1
2869,1
2870,1
2871,1
2872,4
2873,4
2874,4
2875,1
2876,1
2877,1
2878,1
2879,1
2880,3
2881,1
2882,4
2883,3
2884,3
2885,1
2886,4
2887,1
2888,7
2889,1
2890,1
2891,1
2892,1
2893,1
2894,1
2895,3
2896,6
2897,7
2898,1
2899,4
2900,7
2901,1
2902,1
2903,1
2904,4
2905,6
2906,4
2907,3
2908,1
2909,4
2910,3
2911,1
2912,1
2913,1
2914,1
2915,6
2916,1
2917,3
2918,1
2919,1
2920,1
2921,1
2922,1
2923,1
2924,1
2925,1
2926,7
2927,1
2928,1
2929,3
2930,1
2931,4
2932,1
2933,4
2934,3
2935,4
2936,4
2937,1
2938,5
2939,1
2940,7
2941,1
2942,6
2943,4
2944,7
2945,4
2946,1
2947,6
2948,1
2949,3
2950,7
2951,7
2952,6
2953,1
2954,6
2955,3
2956,1
2957,3
2958,6
2959,7
2960,2
2961,7
2962,1
2963,3
2964,1
2965,6
2966,5
2967,7
2968,1
2969,7
2970,1
2971,1
2972,5
2973,5
2974,1
2975,5
2976,3
2977,1
2978,1
2979,1
2980,3
2981,3
2982,1
2983,7
2984,1
2985,7
2986,1
2987,1
2988,1
2989,4
2990,1
2991,1
2992,5
2993,1
2994,1
2995,1
2996,3
2997,1
2998,1
2999,6
3000,1
3001,4
3002,1
3003,4
3004,4
3005,1
3006,1
3007,4
3008,6
3009,1
3010,5
3011,4
3012,4
3013,7
3014,1
3015,1
3016,1
3017,1
3018,1
3019,1
3020,7
3021,5
3022,1
3023,3
3024,4
3025,1
3026,4
3027,1
3028,1
3029,7
3030,5
3031,1
3032,5
3033,3
3034,5
3035,4
3036,1
3037,1
3038,1
3039,7
3040,5
3041,5
3042,3
3043,5
3044,1
3045,1
3046,1
3047,4
3048,7
3049,1
3050,7
3051,3
3052,1
3053,6
3054,1
3055,5
3056,5
3057,4
3058,1
3059,4
3060,6
3061,4
3062,1
3063,4
3064,5
3065,1
3066,3
3067,4
3068,4
3069,7
3070,4
3071,5
3072,1
3073,4
3074,4
3075,1
3076,1
3077,1
3078,1
3079,1
3080,4
3081,4
3082,3
3083,1
3084,1
3085,3
3086,4
3087,1
3088,3
3089,7
3090,4
3091,7
3092,1
3093,6
3094,3
3095,2
3096,3
3097,4
3098,7
3099,3
3100,3
3101,3
3102,1
3103,7
3104,7
3105,1
3106,1
3107,3
3108,4
3109,1
3110,1
3111,1
3112,1
3113,1
3114,1
3115,4
3116,5
3117,6
3118,1
3119,4
3120,1
3121,1
3122,5
3123,5
3124,6
3125,4
3126,1
3127,1
3128,4
3129,1
3130,4
3131,4
3132,1
3133,1
3134,1
3135,4
3136,5
3137,5
3138,1
3139,1
3140,1
3141,6
3142,6
3143,5
3144,5
3145,4
3146,3
3147,6
3148,5
3149,1
3150,5
3151,1
3152,4
3153,1
3154,4
3155,1
3156,1
3157,1
3158,6
3159,4
3160,3
3161,6
3162,1
3163,3
3164,4
3165,5
3166,5
3167,4
3168,6
3169,1
3170,2
3171,6
3172,4
3173,3
3174,1
3175,6
3176,1
3177,4
3178,1
3179,1
3180,4
3181,6
3182,5
3183,4
3184,5
3185,1
3186,1
3187,4
3188,7
3189,1
3190,1
3191,5
3192,7
3193,1
3194,4
3195,5
3196,5
3197,5
3198,4
3199,6
3200,7
3201,1
3202,6
3203,1
3204,1
3205,6
3206,1
3207,2
3208,4
3209,4
3210,1
3211,1
3212,1
3213,4
3214,4
3215,4
3216,1
3217,1
3218,4
3219,6
3220,7
3221,1
3222,5
3223,5
3224,5
3225,1
3226,7
3227,5
3228,4
3229,1
3230,6
3231,1
3232,1
3233,5
3234,1
3235,1
3236,1
3237,1
3238,6
3239,1
3240,5
3241,1
3242,5
3243,1
3244,5
3245,3
3246,5
3247,6
3248,1
3249,6
3250,4
3251,4
3252,3
3253,5
3254,5
3255,1
3256,1
3257,5
3258,1
3259,1
3260,4
3261,5
3262,5
3263,4
3264,1
3265,5
3266,1
3267,4
3268,4
3269,1
3270,5
3271,6
3272,1
3273,4
3274,6
3275,4
3276,6
3277,5
3278,1
3279,6
3280,4
3281,1
3282,1
3283,5
3284,1
3285,6
3286,5
3287,1
3288,1
3289,1
3290,1
3291,5
3292,2
3293,6
3294,1
3295,4
3296,4
3297,4
3298,4
3299,4
3300,4
3301,4
3302,5
3303,4
3304,4
3305,6
3306,6
3307,1
3308,4
3309,5
3310,1
3311,4
3312,4
3313,4
3314,1
3315,5
3316,1
3317,4
3318,4
3319,5
3320,1
3321,1
3322,5
3323,1
3324,4
3325,1
3326,4
3327,1
3328,4
3329,5
3330,7
3331,1
3332,5
3333,5
3334,4
3335,3
3336,1
3337,4
3338,1
3339,4
3340,1
3341,1
3342,1
3343,1
3344,4
3345,5
3346,1
3347,1
3348,1
3349,1
3350,1
3351,1
3352,4
3353,1
3354,1
3355,5
3356,1
3357,1
3358,1
3359,5
3360,7
3361,1
3362,1
3363,1
3364,4
3365,5
3366,4
3367,4
3368,1
3369,4
3370,1
3371,1
3372,1
3373,4
3374,1
3375,1
3376,4
3377,5
3378,1
3379,5
3380,5
3381,1
3382,1
3383,4
3384,4
3385,4
3386,6
3387,4
3388,1
3389,5
3390,1
3391,1
3392,5
3393,1
3394,1
3395,4
3396,1
3397,1
3398,1
3399,5
3400,4
3401,1
3402,6
3403,1
3404,1
3405,5
3406,1
3407,7
3408,5
3409,5
3410,1
3411,1
3412,5
3413,7
3414,6
3415,7
3416,1
3417,6
3418,4
3419,4
3420,1
3421,6
3422,1
3423,4
3424,1
3425,6
3426,4
3427,5
3428,4
3429,7
3430,1
3431,1
3432,1
3433,1
3434,6
3435,1
3436,4
3437,6
3438,4
3439,4
3440,1
3441,7
3442,6
3443,1
3444,1
3445,1
3446,4
3447,4
3448,4
3449,1
3450,1
3451,1
3452,4
3453,6
3454,6
3455,6
3456,6
3457,7
3458,4
3459,7
3460,1
3461,7
3462,5
3463,6
3464,1
3465,1
3466,7
3467,1
3468,1
3469,1
3470,1
3471,6
3472,1
3473,1
3474,7
3475,1
3476,1
3477,4
3478,1
3479,1
3480,1
3481,7
3482,1
3483,6
3484,1
3485,1
3486,1
3487,1
3488,4
3489,1
3490,5
3491,6
3492,1
3493,1
3494,1
3495,1
3496,1
3497,1
3498,4
3499,7
3500,1
3501,6
3502,1
3503,1
3504,4
3505,4
3506,1
3507,4
3508,5
3509,1
3510,1
3511,7
3512,1
3513,1
3514,7
3515,7
3516,7
3517,5
3518,6
3519,7
3520,1
3521,7
3522,6
3523,1
3524,1
3525,1
3526,1
3527,1
3528,4
3529,4
3530,1
3531,4
3532,4
3533,4
3534,7
3535,1
3536,4
3537,7
3538,1
3539,1
3540,6
3541,1
3542,1
3543,6
3544,4
3545,7
3546,7
3547,7
3548,1
3549,6
3550,7
3551,5
3552,7
3553,1
3554,1
3555,4
3556,7
3557,1
3558,4
3559,7
3560,1
3561,1
3562,6
3563,7
3564,4
3565,1
3566,7
3567,4
3568,6
3569,6
3570,4
3571,1
3572,7
3573,5
3574,4
3575,4
3576,1
3577,4
3578,7
3579,1
3580,1
3581,6
3582,1
3583,4
3584,5
3585,7
3586,1
3587,4
3588,6
3589,6
3590,6
3591,1
3592,6
3593,1
3594,1
3595,7
3596,2
3597,1
3598,5
3599,1
3600,2
3601,1
3602,1
3603,7
3604,1
3605,1
3606,4
3607,7
3608,4
3609,1
3610,4
3611,4
3612,6
3613,4
3614,7
3615,7
3616,1
3617,7
3618,7
3619,7
3620,6
3621,1
3622,4
3623,1
3624,6
3625,1
3626,7
3627,7
3628,6
3629,4
3630,1
3631,1
3632,1
3633,1
3634,4
3635,7
3636,5
3637,2
3638,1
3639,7
3640,6
3641,2
3642,1
3643,1
3644,1
3645,6
3646,1
3647,1
3648,4
3649,4
3650,6
3651,1
3652,4
3653,1
3654,1
3655,1
3656,4
3657,7
3658,1
3659,1
3660,6
3661,1
3662,4
3663,7
3664,1
3665,1
3666,1
3667,6
3668,1
3669,7
3670,4
3671,4
3672,4
3673,4
3674,1
3675,1
3676,1
3677,1
3678,7
3679,1
3680,6
3681,5
3682,1
3683,1
3684,5
3685,7
3686,1
3687,1
3688,4
3689,1
3690,1
3691,1
3692,6
3693,2
3694,6
3695,6
3696,1
3697,7
3698,5
3699,1
3700,5
3701,1
3702,6
3703,7
3704,1
3705,6
3706,1
3707,4
3708,4
3709,1
3710,1
3711,1
3712,5
3713,4
3714,6
3715,6
3716,1
3717,4
3718,6
3719,7
3720,1
3721,1
3722,5
3723,6
3724,1
3725,1
3726,1
3727,1
3728,7
3729,1
3730,1
3731,1
3732,4
3733,1
3734,1
3735,1
3736,4
3737,5
3738,4
3739,1
3740,1
3741,6
3742,2
3743,1
3744,1
3745,5
3746,6
3747,1
3748,7
3749,5
3750,6
3751,1
3752,7
3753,5
3754,5
3755,1
3756,1
3757,1
3758,5
3759,5
3760,5
3761,1
3762,5
3763,5
3764,6
3765,1
3766,6
3767,7
3768,5
3769,7
3770,5
3771,1
3772,1
3773,1
3774,1
3775,1
3776,7
3777,1
3778,1
3779,4
3780,1
3781,6
3782,1
3783,6
3784,7
3785,4
3786,1
3787,1
3788,1
3789,1
3790,5
3791,4
3792,1
3793,1
3794,5
3795,6
3796,5
3797,6
3798,5
3799,7
3800,4
3801,6
3802,4
3803,4
3804,1
3805,7
3806,1
3807,1
3808,5
3809,4
3810,4
3811,1
3812,1
3813,4
3814,1
3815,6
3816,6
3817,1
3818,4
3819,1
3820,1
3821,6
3822,1
3823,4
3824,1
3825,1
3826,1
3827,4
3828,4
3829,6
3830,6
3831,6
3832,4
3833,4
3834,1
3835,5
3836,4
3837,4
3838,1
3839,5
3840,5
3841,1
3842,1
3843,4
3844,1
3845,4
3846,4
3847,1
3848,1
3849,1
3850,1
3851,1
3852,1
3853,1
3854,1
3855,5
3856,1
3857,6
3858,6
3859,1
3860,1
3861,1
3862,1
3863,1
3864,1
3865,1
3866,4
3867,1
3868,1
3869,1
3870,1
3871,1
3872,1
3873,1
3874,4
3875,4
3876,5
3877,1
3878,1
3879,1
3880,1
3881,1
3882,1
3883,5
3884,1
3885,5
3886,1
3887,1
3888,5
3889,1
3890,4
3891,4
3892,5
3893,4
3894,5
3895,5
3896,5
3897,5
3898,5
3899,5
3900,1
3901,1
3902,4
3903,6
3904,1
3905,7
3906,5
3907,4
3908,4
3909,5
3910,4
3911,5
3912,1
3913,6
3914,4
3915,6
3916,6
3917,4
3918,4
3919,4
3920,6
3921,5
3922,1
3923,5
3924,1
3925,1
3926,6
3927,4
3928,1
3929,5
3930,1
3931,1
3932,6
3933,4
3934,6
3935,1
3936,1
3937,1
3938,4
3939,1
3940,4
3941,1
3942,1
3943,6
3944,5
3945,4
3946,6
3947,1
3948,6
3949,6
3950,4
3951,1
3952,1
3953,7
3954,4
3955,4
3956,4
3957,4
3958,6
3959,4
3960,1
3961,4
3962,5
3963,6
3964,6
3965,1
3966,6
3967,1
3968,4
3969,1
3970,4
3971,1
3972,4
3973,1
3974,7
3975,1
3976,1
3977,5
3978,6
3979,1
3980,1
3981,4
3982,5
3983,4
3984,1
3985,5
3986,1
3987,1
3988,4
3989,1
3990,1
3991,1
3992,4
3993,4
3994,4
3995,7
3996,6
3997,1
3998,6
3999,5
4000,1
4001,4
4002,4
4003,5
4004,4
4005,6
4006,1
4007,6
4008,1
4009,1
4010,4
4011,6
4012,1
4013,4
4014,6
4015,6
4016,1
4017,6
4018,1
4019,1
4020,6
4021,1
4022,5
4023,4
4024,1
4025,4
4026,1
4027,4
4028,6
4029,6
4030,4
4031,6
4032,7
4033,4
4034,4
4035,4
4036,6
4037,1
4038,7
4039,1
4040,6
4041,1
4042,6
4043,4
4044,4
4045,6
4046,6
4047,4
4048,1
4049,1
4050,6
4051,1
4052,4
4053,1
4054,1
4055,6
4056,4
4057,5
4058,6
4059,5
4060,7
4061,4
4062,4
4063,6
4064,6
4065,5
4066,1
4067,4
4068,6
4069,1
4070,1
4071,4
4072,1
4073,4
4074,4
4075,6
4076,4
4077,4
4078,6
4079,5
4080,1
4081,1
4082,4
4083,6
4084,1
4085,6
4086,4
4087,1
4088,6
4089,6
4090,7
4091,4
4092,4
4093,6
4094,6
4095,7
4096,5
4097,1
4098,1
4099,4
4100,7
4101,1
4102,4
4103,7
4104,6
4105,1
4106,7
4107,6
4108,1
4109,4
4110,6
4111,1
4112,4
4113,7
4114,1
4115,1
4116,7
4117,6
4118,6
4119,1
4120,4
4121,4
4122,7
4123,7
4124,5
4125,4
4126,6
4127,6
4128,1
4129,4
4130,7
4131,4
4132,7
4133,6
4134,4
4135,7
4136,1
4137,5
4138,5
4139,4
4140,6
4141,4
4142,6
4143,6
4144,6
4145,1
4146,7
4147,1
4148,1
4149,1
4150,1
4151,6
4152,7
4153,6
4154,6
4155,6
4156,1
4157,1
4158,4
4159,1
4160,7
4161,5
4162,6
4163,4
4164,4
4165,1
4166,1
4167,7
4168,6
4169,6
4170,1
4171,7
4172,4
4173,6
4174,5
4175,4
4176,5
4177,1
4178,1
4179,1
4180,4
4181,6
4182,5
4183,1
4184,7
4185,4
4186,6
4187,4
4188,6
4189,4
4190,7
4191,1
4192,4
4193,6
4194,7
4195,5
4196,6
4197,1
4198,4
4199,6
4200,6
4201,7
4202,5
4203,4
4204,1
4205,1
4206,4
4207,6
4208,7
4209,4
4210,1
4211,7
4212,4
4213,1
4214,1
4215,4
4216,7
4217,4
4218,1
4219,4
4220,1
4221,6
4222,4
4223,4
4224,4
4225,6
4226,4
4227,1
4228,4
4229,1
4230,4
4231,7
4232,6
4233,1
4234,4
4235,4
4236,1
4237,4
4238,1
4239,1
4240,1
4241,6
4242,6
4243,1
4244,1
4245,4
4246,1
4247,7
4248,4
4249,4
4250,4
4251,1
4252,4
4253,7
4254,4
4255,4
4256,1
4257,5
4258,1
4259,1
4260,1
4261,4
4262,4
4263,6
4264,6
4265,4
4266,6
4267,1
4268,4
4269,7
4270,7
4271,4
4272,1
4273,1
4274,4
4275,1
4276,7
4277,7
4278,1
4279,4
4280,1
4281,1
4282,5
4283,5
4284,5
4285,7
4286,6
4287,5
4288,4
4289,1
4290,5
4291,5
4292,1
4293,1
4294,7
4295,4
4296,6
4297,6
4298,5
4299,7
4300,7
4301,4
4302,6
4303,1
4304,2
4305,1
4306,1
4307,6
4308,4
4309,4
4310,4
4311,1
4312,4
4313,1
4314,1
4315,7
4316,7
4317,6
4318,4
4319,4
4320,7
4321,4
4322,6
4323,6
4324,6
4325,6
4326,7
4327,5
4328,1
4329,4
4330,5
4331,7
4332,4
4333,1
4334,1
4335,6
4336,6
4337,1
4338,4
4339,6
4340,4
4341,6
4342,4
4343,7
4344,7
4345,7
4346,6
4347,1
4348,1
4349,1
4350,1
4351,7
4352,7
4353,4
4354,1
4355,6
4356,4
4357,7
4358,1
4359,6
4360,6
4361,6
4362,6
4363,7
4364,4
4365,4
4366,4
4367,4
4368,4
4369,1
4370,1
4371,6
4372,6
4373,7
4374,1
4375,4
4376,4
4377,7
4378,1
4379,7
4380,1
4381,1
4382,5
4383,7
4384,1
4385,4
4386,6
4387,6
4388,1
4389,1
4390,7
4391,1
4392,4
4393,4
4394,4
4395,1
4396,4
4397,1
4398,7
4399,6
4400,6
4401,1
4402,4
4403,4
4404,7
4405,4
4406,4
4407,4
4408,5
4409,7
4410,4
4411,1
4412,7
4413,1
4414,7
4415,4
4416,7
4417,6
4418,5
4419,7
4420,1
4421,6
4422,1
4423,6
4424,5
4425,1
4426,1
4427,7
4428,1
4429,1
4430,7
4431,6
4432,6
4433,1
4434,1
4435,7
4436,6
4437,4
4438,7
4439,1
4440,1
4441,4
4442,4
4443,4
4444,7
4445,4
4446,1
4447,4
4448,6
4449,4
4450,6
4451,1
4452,7
4453,1
4454,4
4455,4
4456,6
4457,7
4458,4
4459,7
4460,1
4461,4
4462,6
4463,6
4464,7
4465,1
4466,7
4467,5
4468,7
4469,7
4470,1
4471,7
4472,6
4473,6
4474,7
4475,7
4476,6
4477,1
4478,4
4479,4
4480,4
4481,4
4482,4
4483,7
4484,6
4485,7
4486,5
4487,7
4488,1
4489,7
4490,4
4491,7
4492,1
4493,6
4494,4
4495,1
4496,4
4497,6
4498,7
4499,1
4500,7
4501,7
4502,1
4503,6
4504,4
4505,7
4506,1
4507,4
4508,1
4509,1
4510,4
4511,4
4512,1
4513,1
4514,1
4515,1
4516,6
4517,7
4518,1
4519,4
4520,1
4521,4
4522,6
4523,6
4524,6
4525,1
4526,6
4527,7
4528,4
4529,4
4530,6
4531,2
4532,7
4533,1
4534,7
4535,7
4536,1
4537,1
4538,1
4539,7
4540,6
4541,1
4542,7
4543,1
4544,4
4545,4
4546,6
4547,7
4548,7
4549,1
4550,7
4551,6
4552,1
4553,4
4554,7
4555,7
4556,4
4557,5
4558,1
4559,7
4560,1
4561,4
4562,1
4563,5
4564,6
4565,1
4566,1
4567,6
4568,7
4569,7
4570,1
4571,1
4572,7
4573,4
4574,7
4575,6
4576,7
4577,6
4578,7
4579,1
4580,7
4581,6
4582,7
4583,1
4584,1
4585,7
4586,4
4587,1
4588,1
4589,6
4590,1
4591,1
4592,1
4593,1
4594,1
4595,4
4596,7
4597,1
4598,7
4599,1
4600,6
4601,4
4602,6
4603,4
4604,7
4605,1
4606,7
4607,5
4608,1
4609,5
4610,5
4611,5
4612,1
4613,4
4614,4
4615,6
4616,1
4617,7
4618,5
4619,6
4620,6
4621,7
4622,7
4623,7
4624,1
4625,4
4626,1
4627,7
4628,7
4629,1
4630,1
4631,4
4632,7
4633,6
4634,6
4635,4
4636,4
4637,7
4638,4
4639,1
4640,1
4641,7
4642,6
4643,1
4644,1
4645,1
4646,1
4647,4
4648,4
4649,6
4650,4
4651,5
4652,1
4653,7
4654,4
4655,4
4656,1
4657,7
4658,4
4659,5
4660,1
4661,1
4662,7
4663,7
4664,6
4665,4
4666,4
4667,4
4668,7
4669,4
4670,5
4671,5
4672,7
4673,6
4674,1
4675,4
4676,4
4677,4
4678,1
4679,4
4680,7
4681,4
4682,7
4683,4
4684,6
4685,7
4686,7
4687,5
4688,7
4689,7
4690,7
4691,1
4692,7
4693,6
4694,6
4695,4
4696,6
4697,7
4698,1
4699,4
4700,1
4701,4
4702,1
4703,4
4704,1
4705,4
4706,6
4707,4
4708,1
4709,4
4710,7
4711,5
4712,5
4713,1
4714,7
4715,4
4716,6
4717,7
4718,1
4719,1
4720,7
4721,5
4722,4
4723,1
4724,1
4725,4
4726,7
4727,1
4728,7
4729,6
4730,4
4731,7
4732,7
4733,1
4734,7
4735,1
4736,1
4737,7
4738,4
4739,1
4740,7
4741,1
4742,7
4743,5
4744,4
4745,4
4746,4
4747,6
4748,6
4749,4
4750,7
4751,7
4752,1
4753,1
4754,4
4755,6
4756,7
4757,4
4758,4
4759,7
4760,4
4761,5
4762,6
4763,5
4764,5
4765,6
4766,1
4767,7
4768,5
4769,1
4770,5
4771,4
4772,4
4773,4
4774,1
4775,7
4776,4
4777,1
4778,4
4779,6
4780,1
4781,6
4782,6
4783,1
4784,7
4785,4
4786,4
4787,1
4788,4
4789,6
4790,7
4791,6
4792,7
4793,6
4794,7
4795,6
4796,1
4797,4
4798,6
4799,1
4800,7
4801,7
4802,4
4803,1
4804,6
4805,6
4806,4
4807,1
4808,1
4809,7
4810,7
4811,1
4812,7
4813,1
4814,6
4815,6
4816,7
4817,7
4818,5
4819,4
4820,4
4821,4
4822,1
4823,6
4824,6
4825,1
4826,4
4827,1
4828,4
4829,1
4830,1
4831,1
4832,1
4833,1
4834,4
4835,1
4836,5
4837,4
4838,6
4839,5
4840,1
4841,5
4842,1
4843,1
4844,1
4845,5
4846,4
4847,6
4848,1
4849,1
4850,6
4851,4
4852,1
4853,1
4854,5
4855,5
4856,6
4857,4
4858,6
4859,1
4860,1
4861,1
4862,4
4863,1
4864,7
4865,6
4866,1
4867,1
4868,6
4869,1
4870,1
4871,4
4872,6
4873,6
4874,1
4875,6
4876,1
4877,1
4878,6
4879,6
4880,6
4881,6
4882,4
4883,4
4884,1
4885,1
4886,6
4887,1
4888,6
4889,4
4890,6
4891,1
4892,4
4893,4
4894,5
4895,4
4896,1
4897,5
4898,4
4899,4
4900,1
4901,4
4902,4
4903,5
4904,1
4905,5
4906,4
4907,2
4908,1
4909,1
4910,1
4911,5
4912,4
4913,1
4914,4
4915,5
4916,1
4917,5
4918,4
4919,4
4920,4
4921,6
4922,4
4923,6
4924,1
4925,4
4926,1
4927,1
4928,1
4929,6
4930,6
4931,6
4932,5
4933,1
4934,1
4935,7
4936,4
4937,5
4938,1
4939,6
4940,5
4941,6
4942,1
4943,6
4944,1
4945,6
4946,6
4947,6
4948,4
4949,1
4950,6
4951,1
4952,1
4953,1
4954,1
4955,5
4956,1
4957,5
4958,1
4959,6
4960,1
4961,4
4962,4
4963,4
4964,1
4965,6
4966,1
4967,4
4968,1
4969,5
4970,1
4971,6
4972,1
4973,6
4974,1
4975,1
4976,1
4977,1
4978,4
4979,6
4980,5
4981,6
4982,1
4983,1
4984,4
4985,1
4986,1
4987,1
4988,4
4989,5
4990,1
4991,4
4992,1
4993,1
4994,6
4995,6
4996,6
4997,4
4998,1
4999,6
5000,1
5001,1
5002,6
5003,6
5004,4
5005,1
5006,4
5007,6
5008,6
5009,1
5010,1
5011,6
5012,1
5013,1
5014,4
5015,6
5016,1
5017,4
5018,1
5019,6
5020,4
5021,4
5022,6
5023,6
5024,1
5025,6
5026,1
5027,4
5028,1
5029,1
5030,1
5031,4
5032,1
5033,5
5034,1
5035,1
5036,1
5037,4
5038,1
5039,4
5040,6
5041,1
5042,4
5043,4
5044,1
5045,1
5046,6
5047,4
5048,6
5049,4
5050,6
5051,4
5052,1
5053,4
5054,1
5055,6
5056,6
5057,6
5058,1
5059,1
5060,1
5061,1
5062,6
5063,6
5064,1
5065,4
5066,1
5067,6
5068,6
5069,1
5070,6
5071,6
5072,6
5073,4
5074,6
5075,7
5076,6
5077,1
5078,4
5079,4
5080,1
5081,4
5082,6
5083,1
5084,6
5085,5
5086,6
5087,4
5088,6
5089,4
5090,6
5091,1
5092,1
5093,6
5094,1
5095,1
5096,1
5097,6
5098,4
5099,4
5100,6
5101,1
5102,1
5103,4
5104,4
5105,4
5106,1
5107,5
5108,6
5109,7
5110,6
5111,5
5112,4
5113,6
5114,5
5115,1
5116,5
5117,1
5118,1
5119,1
5120,4
5121,1
5122,1
5123,1
5124,1
5125,6
5126,6
5127,1
5128,5
5129,6
5130,6
5131,4
5132,1
5133,6
5134,1
5135,6
5136,4
5137,6
5138,1
5139,5
5140,4
5141,1
5142,6
5143,6
5144,1
5145,4
5146,4
5147,1
5148,4
5149,4
5150,2
5151,6
5152,1
5153,5
5154,1
5155,5
5156,1
5157,1
5158,1
5159,6
5160,1
5161,1
5162,6
5163,4
5164,4
5165,6
5166,4
5167,4
5168,6
5169,6
5170,6
5171,4
5172,1
5173,6
5174,6
5175,1
5176,1
5177,6
5178,5
5179,6
5180,4
5181,4
5182,1
5183,6
5184,1
5185,1
5186,1
5187,6
5188,1
5189,4
5190,5
5191,5
5192,4
5193,1
5194,1
5195,6
5196,1
5197,4
5198,5
5199,4
5200,1
5201,4
5202,1
5203,1
5204,4
5205,4
5206,5
5207,1
5208,4
5209,4
5210,6
5211,1
5212,7
5213,1
5214,1
5215,6
5216,1
5217,5
5218,4
5219,4
5220,6
5221,4
5222,6
5223,4
5224,6
5225,6
5226,1
5227,6
5228,6
5229,6
5230,5
5231,1
5232,4
5233,4
5234,1
5235,1
5236,6
5237,6
5238,6
5239,6
5240,4
5241,1
5242,4
5243,6
5244,4
5245,6
5246,1
5247,4
5248,6
5249,6
5250,1
5251,6
5252,5
5253,1
5254,4
5255,6
5256,6
5257,6
5258,6
5259,4
5260,1
5261,6
5262,1
5263,1
5264,4
5265,6
5266,4
5267,1
5268,4
5269,4
5270,2
5271,2
5272,1
5273,5
5274,6
5275,1
5276,5
5277,4
5278,5
5279,6
5280,1
5281,1
5282,1
5283,1
5284,4
5285,1
5286,1
5287,4
5288,5
5289,6
5290,4
5291,4
5292,4
5293,4
5294,5
5295,4
5296,4
5297,1
5298,5
5299,5
5300,5
5301,1
5302,5
5303,4
5304,1
5305,4
5306,6
5307,1
5308,1
5309,1
5310,6
5311,4
5312,5
5313,6
5314,1
5315,4
5316,6
5317,1
5318,6
5319,6
5320,6
5321,5
5322,6
5323,4
5324,1
5325,1
5326,1
5327,6
5328,1
5329,1
5330,1
5331,1
5332,6
5333,6
5334,1
5335,1
5336,6
5337,1
5338,4
5339,6
5340,4
5341,4
5342,5
5343,6
5344,4
5345,1
5346,6
5347,6
5348,6
5349,1
5350,1
5351,4
5352,6
5353,6
5354,6
5355,5
5356,1
5357,6
5358,4
5359,4
5360,6
5361,6
5362,6
5363,4
5364,4
5365,1
5366,2
5367,4
5368,1
5369,1
5370,1
5371,6
5372,4
5373,1
5374,1
5375,1
5376,1
5377,4
5378,4
5379,1
5380,4
5381,1
5382,1
5383,5
5384,5
5385,6
5386,1
5387,1
5388,1
5389,4
5390,4
5391,4
5392,4
5393,5
5394,1
5395,4
5396,4
5397,4
5398,2
5399,1
5400,1
5401,1
5402,6
5403,6
5404,6
5405,6
5406,6
5407,1
5408,6
5409,4
5410,6
5411,1
5412,1
5413,1
5414,6
5415,1
5416,6
5417,6
5418,1
5419,1
5420,4
5421,1
5422,1
5423,4
5424,6
5425,6
5426,4
5427,6
5428,6
5429,5
5430,4
5431,6
5432,1
5433,6
5434,4
5435,6
5436,6
5437,4
5438,4
5439,1
5440,1
5441,1
5442,1
5443,6
5444,4
5445,4
5446,4
5447,1
5448,2
5449,1
5450,1
5451,1
5452,6
5453,2
5454,4
5455,1
5456,1
5457,1
5458,1
5459,4
5460,1
5461,6
5462,6
5463,4
5464,1
5465,1
5466,4
5467,1
5468,1
5469,5
5470,5
5471,6
5472,1
5473,1
5474,1
5475,6
5476,5
5477,1
5478,1
5479,4
5480,1
5481,5
5482,5
5483,6
5484,4
5485,4
5486,4
5487,1
5488,4
5489,1
5490,4
5491,4
5492,5
5493,1
5494,5
5495,6
5496,1
5497,6
5498,1
5499,6
5500,1
5501,6
5502,5
5503,1
5504,6
5505,4
5506,4
5507,4
5508,6
5509,1
5510,6
5511,1
5512,1
5513,4
5514,4
5515,1
5516,6
5517,6
5518,1
5519,6
5520,6
5521,1
5522,4
5523,4
5524,1
5525,1
5526,4
5527,1
5528,1
5529,6
5530,4
5531,5
5532,6
5533,4
5534,4
5535,6
5536,4
5537,6
5538,4
5539,6
5540,1
5541,1
5542,6
5543,2
5544,1
5545,1
5546,6
5547,5
5548,5
5549,4
5550,1
5551,6
5552,4
5553,5
5554,1
5555,4
5556,1
5557,4
5558,1
5559,5
5560,4
5561,4
5562,4
5563,4
5564,4
5565,4
5566,4
5567,4
5568,6
5569,1
5570,1
5571,4
5572,6
5573,4
5574,6
5575,1
5576,4
5577,4
5578,1
5579,6
5580,6
5581,6
5582,6
5583,6
5584,4
5585,4
5586,1
5587,6
5588,1
5589,1
5590,4
5591,1
5592,6
5593,4
5594,1
5595,1
5596,6
5597,1
5598,1
5599,4
5600,6
5601,4
5602,1
5603,5
5604,6
5605,4
5606,4
5607,6
5608,6
5609,4
5610,1
5611,4
5612,6
5613,1
5614,4
5615,7
5616,1
5617,1
5618,1
5619,1
5620,1
5621,1
5622,1
5623,6
5624,1
5625,4
5626,6
5627,1
5628,1
5629,2
5630,4
5631,6
5632,4
5633,4
5634,1
5635,6
5636,6
5637,6
5638,4
5639,4
5640,4
5641,1
5642,5
5643,4
5644,1
5645,5
5646,1
5647,4
5648,4
5649,1
5650,4
5651,1
5652,1
5653,5
5654,5
5655,4
5656,4
5657,1
5658,5
5659,5
5660,4
5661,4
5662,4
5663,1
5664,1
5665,4
5666,6
5667,4
5668,6
5669,5
5670,1
5671,4
5672,5
5673,1
5674,4
5675,4
5676,4
5677,5
5678,1
5679,1
5680,1
5681,1
5682,6
5683,6
5684,1
5685,6
5686,4
5687,6
5688,6
5689,4
5690,6
5691,4
5692,4
5693,6
5694,4
5695,4
5696,4
5697,6
5698,6
5699,1
5700,4
5701,1
5702,4
5703,6
5704,6
5705,1
5706,7
5707,6
5708,6
5709,4
5710,4
5711,4
5712,5
5713,1
5714,1
5715,4
5716,1
5717,1
5718,2
5719,2
5720,1
5721,1
5722,6
5723,4
5724,4
5725,4
5726,1
5727,5
5728,6
5729,6
5730,4
5731,1
5732,1
5733,4
5734,1
5735,5
5736,1
5737,1
5738,5
5739,1
5740,1
5741,6
5742,4
5743,4
5744,1
5745,6
5746,1
5747,6
5748,1
5749,5
5750,4
5751,1
5752,5
5753,6
5754,5
5755,4
5756,4
5757,1
5758,6
5759,5
5760,4
5761,5
5762,1
5763,4
5764,1
5765,6
5766,4
5767,4
5768,5
5769,6
5770,1
5771,6
5772,6
5773,6
5774,6
5775,1
5776,1
5777,4
5778,6
5779,6
5780,6
5781,4
5782,4
5783,6
5784,1
5785,6
5786,7
5787,4
5788,4
5789,6
5790,4
5791,1
5792,1
5793,1
5794,4
5795,4
5796,4
5797,1
5798,2
5799,4
5800,2
5801,6
5802,5
5803,5
5804,6
5805,4
5806,4
5807,4
5808,1
5809,1
5810,4
5811,1
5812,5
5813,1
5814,1
5815,1
5816,4
5817,5
5818,5
5819,5
5820,4
5821,1
5822,1
5823,4
5824,1
5825,6
5826,1
5827,4
5828,4
5829,5
5830,1
5831,1
5832,4
5833,4
5834,1
5835,5
5836,6
5837,1
5838,6
5839,6
5840,5
5841,1
5842,1
5843,6
5844,4
5845,1
5846,1
5847,6
5848,4
5849,6
5850,4
5851,6
5852,1
5853,4
5854,6
5855,4
5856,6
5857,1
5858,5
5859,6
5860,1
5861,4
5862,1
5863,1
5864,6
5865,1
5866,1
5867,1
5868,6
5869,4
5870,6
5871,5
5872,6
5873,4
5874,6
5875,1
5876,4
5877,4
5878,1
5879,4
5880,5
5881,4
5882,1
5883,6
5884,6
5885,1
5886,1
5887,6
5888,4
5889,6
5890,6
5891,2
5892,6
5893,1
5894,1
5895,4
5896,1
5897,2
5898,4
5899,1
5900,5
5901,6
5902,1
5903,1
5904,5
5905,4
5906,4
5907,1
5908,1
5909,4
5910,1
5911,1
5912,5
5913,1
5914,1
5915,4
5916,1
5917,5
5918,5
5919,1
5920,4
5921,5
5922,5
5923,1
5924,5
5925,5
5926,1
5927,4
5928,6
5929,6
5930,4
5931,4
5932,1
5933,1
5934,1
5935,6
5936,4
5937,4
5938,1
5939,6
5940,4
5941,1
5942,6
5943,6
5944,4
5945,1
5946,6
5947,1
5948,6
5949,4
5950,4
5951,1
5952,4
5953,1
5954,1
5955,6
5956,5
5957,6
5958,6
5959,1
5960,4
5961,4
5962,4
5963,6
5964,4
5965,6
5966,6
5967,1
5968,1
5969,5
5970,4
5971,1
5972,6
5973,4
5974,6
5975,4
5976,4
5977,1
5978,6
5979,6
5980,1
5981,6
5982,6
5983,6
5984,4
5985,4
5986,6
5987,1
5988,4
5989,4
5990,1
5991,6
5992,4
5993,2
5994,4
5995,1
5996,4
5997,5
5998,4
5999,5
6000,1
6001,1
6002,4
6003,1
6004,1
6005,6
6006,2
6007,1
6008,1
6009,4
6010,1
6011,1
6012,4
6013,4
6014,1
6015,1
6016,6
6017,1
6018,1
6019,4
6020,5
6021,1
6022,6
6023,5
6024,4
6025,5
6026,4
6027,5
6028,1
6029,1
6030,4
6031,5
6032,4
6033,1
6034,5
6035,5
6036,1
6037,1
6038,1
6039,2
6040,4
6041,4
6042,1
6043,1
6044,4
6045,6
6046,4
6047,1
6048,4
6049,1
6050,5
6051,1
6052,1
6053,4
6054,6
6055,6
6056,4
6057,4
6058,6
6059,1
6060,4
6061,1
6062,1
6063,6
6064,1
6065,5
6066,1
6067,1
6068,1
6069,4
6070,6
6071,4
6072,4
6073,1
6074,6
6075,1
6076,1
6077,4
6078,1
6079,4
6080,6
6081,4
6082,4
6083,1
6084,4
6085,6
6086,4
6087,5
6088,4
6089,6
6090,4
6091,4
6092,1
6093,6
6094,6
6095,2
6096,2
6097,1
6098,4
6099,1
6100,2
6101,6
6102,4
6103,6
6104,6
6105,4
6106,1
6107,1
6108,5
6109,1
6110,1
6111,4
6112,1
6113,4
6114,6
6115,4
6116,4
6117,1
6118,5
6119,4
6120,4
6121,1
6122,6
6123,1
6124,6
6125,5
6126,1
6127,5
6128,4
6129,4
6130,4
6131,6
6132,2
6133,1
6134,4
6135,6
6136,4
6137,1
6138,1
6139,6
6140,4
6141,6
6142,4
6143,6
6144,6
6145,1
6146,1
6147,6
6148,6
6149,1
6150,1
6151,1
6152,4
6153,7
6154,1
6155,1
6156,6
6157,5
6158,6
6159,1
6160,6
6161,6
6162,1
6163,1
6164,1
6165,6
6166,4
6167,4
6168,4
6169,1
6170,4
6171,5
6172,6
6173,6
6174,1
6175,1
6176,4
6177,1
6178,4
6179,6
6180,4
6181,4
6182,4
6183,4
6184,4
6185,1
6186,5
6187,5
6188,1
6189,1
6190,1
6191,5
6192,6
6193,5
6194,5
6195,6
6196,6
6197,6
6198,6
6199,5
6200,6
6201,6
6202,6
6203,5
6204,6
6205,5
6206,4
6207,5
6208,2
6209,4
6210,6
6211,6
6212,1
6213,2
6214,1
6215,5
6216,1
6217,4
6218,1
6219,5
6220,6
6221,4
6222,6
6223,6
6224,5
6225,4
6226,6
6227,1
6228,1
6229,1
6230,6
6231,4
6232,4
6233,1
6234,6
6235,1
6236,4
6237,6
6238,6
6239,1
6240,6
6241,6
6242,6
6243,1
6244,4
6245,4
6246,1
6247,6
6248,1
6249,4
6250,6
6251,6
6252,4
6253,6
6254,6
6255,1
6256,6
6257,6
6258,4
6259,1
6260,5
6261,2
6262,6
6263,1
6264,1
6265,5
6266,4
6267,6
6268,6
6269,5
6270,6
6271,5
6272,1
6273,4
6274,4
6275,1
6276,1
6277,1
6278,4
6279,4
6280,4
6281,6
6282,1
6283,1
6284,4
6285,4
6286,4
6287,5
6288,4
6289,1
6290,1
6291,4
6292,1
6293,5
6294,1
6295,4
6296,1
6297,1
6298,5
6299,6
6300,1
6301,1
6302,5
6303,1
6304,4
6305,4
6306,4
6307,1
6308,4
6309,4
6310,4
6311,1
6312,6
6313,7
6314,6
6315,5
6316,5
6317,1
6318,1
6319,1
6320,1
6321,6
6322,4
6323,2
6324,2
6325,4
6326,6
6327,5
6328,6
6329,2
6330,1
6331,5
6332,6
6333,4
6334,4
6335,6
6336,4
6337,4
6338,6
6339,6
6340,5
6341,2
6342,6
6343,1
6344,4
6345,5
6346,4
6347,4
6348,6
6349,2
6350,1
6351,1
6352,5
6353,5
6354,5
6355,6
6356,5
6357,5
6358,6
6359,5
6360,5
6361,6
6362,1
6363,4
6364,1
6365,4
6366,5
6367,1
6368,1
6369,4
6370,4
6371,1
6372,1
6373,4
6374,4
6375,4
6376,1
6377,5
6378,5
6379,1
6380,4
6381,4
6382,4
6383,4
6384,4
6385,2
6386,4
6387,1
6388,1
6389,5
6390,4
6391,4
6392,6
6393,4
6394,4
6395,1
6396,4
6397,6
6398,1
6399,5
6400,1
6401,1
6402,4
6403,4
6404,4
6405,5
6406,4
6407,1
6408,1
6409,5
6410,4
6411,5
6412,1
6413,5
6414,1
6415,4
6416,1
6417,1
6418,1
6419,1
6420,6
6421,4
6422,1
6423,4
6424,1
6425,4
6426,6
6427,1
6428,5
6429,1
6430,4
6431,4
6432,1
6433,4
6434,4
6435,2
6436,1
6437,1
6438,6
6439,4
6440,4
6441,4
6442,1
6443,4
6444,1
6445,1
6446,4
6447,1
6448,1
6449,5
6450,1
6451,1
6452,5
6453,4
6454,6
6455,4
6456,1
6457,6
6458,1
6459,6
6460,4
6461,4
6462,4
6463,5
6464,1
6465,5
6466,4
6467,1
6468,1
6469,5
6470,5
6471,5
6472,5
6473,4
6474,1
6475,1
6476,1
6477,4
6478,5
6479,4
6480,6
6481,5
6482,4
6483,6
6484,1
6485,5
6486,6
6487,4
6488,1
6489,4
6490,6
6491,4
6492,1
6493,4
6494,1
6495,6
6496,4
6497,1
6498,1
6499,1
6500,5
6501,5
6502,1
6503,5
6504,5
6505,4
6506,1
6507,4
6508,1
6509,5
6510,1
6511,1
6512,1
6513,1
6514,1
6515,5
6516,6
6517,1
6518,1
6519,4
6520,5
6521,4
6522,1
6523,6
6524,4
6525,1
6526,4
6527,1
6528,5
6529,1
6530,1
6531,1
6532,4
6533,5
6534,5
6535,5
6536,1
6537,4
6538,1
6539,4
6540,5
6541,4
6542,5
6543,1
6544,4
6545,5
6546,1
6547,1
6548,1
6549,1
6550,4
6551,1
6552,5
6553,1
6554,1
6555,5
6556,5
6557,1
6558,5
6559,4
6560,5
6561,6
6562,6
6563,5
6564,4
6565,1
6566,1
6567,1
6568,5
6569,1
6570,1
6571,1
6572,1
6573,5
6574,5
6575,5
6576,5
6577,1
6578,5
6579,5
6580,4
6581,5
6582,1
6583,4
6584,4
6585,1
6586,4
6587,5
6588,5
6589,1
6590,5
6591,5
6592,1
6593,1
6594,1
6595,6
6596,1
6597,1
6598,1
6599,1
6600,5
6601,1
6602,1
6603,1
6604,5
6605,1
6606,5
6607,5
6608,6
6609,5
6610,5
6611,1
6612,5
6613,5
6614,6
6615,4
6616,1
6617,1
6618,1
6619,1
6620,1
6621,1
6622,1
6623,5
6624,1
6625,1
6626,1
6627,2
6628,5
6629,5
6630,2
6631,6
6632,4
6633,6
6634,6
6635,6
6636,4
6637,1
6638,2
6639,5
6640,5
6641,4
6642,4
6643,4
6644,1
6645,1
6646,6
6647,1
6648,1
6649,1
6650,4
6651,5
6652,1
6653,1
6654,1
6655,5
6656,6
6657,6
6658,1
6659,6
6660,6
6661,1
6662,5
6663,1
6664,1
6665,1
6666,5
6667,1
6668,5
6669,5
6670,1
6671,1
6672,1
6673,1
6674,1
6675,5
6676,4
6677,1
6678,1
6679,5
6680,1
6681,1
6682,1
6683,1
6684,1
6685,1
6686,1
6687,5
6688,1
6689,1
6690,1
6691,1
6692,5
6693,1
6694,6
6695,5
6696,5
6697,1
6698,1
6699,5
6700,1
6701,5
6702,1
6703,1
6704,1
6705,5
6706,5
6707,1
6708,1
6709,1
6710,5
6711,1
6712,1
6713,5
6714,1
6715,1
6716,5
6717,5
6718,5
6719,1
6720,1
6721,1
6722,1
6723,4
6724,4
6725,1
6726,4
6727,1
6728,4
6729,5
6730,5
6731,1
6732,1
6733,1
6734,5
6735,1
6736,1
6737,1
6738,1
6739,5
6740,6
6741,1
6742,1
6743,1
6744,4
6745,5
6746,5
6747,1
6748,1
6749,1
6750,5
6751,5
6752,5
6753,4
6754,5
6755,1
6756,1
6757,5
6758,1
6759,5
6760,1
6761,1
6762,5
6763,5
6764,5
6765,1
6766,1
6767,5
6768,1
6769,1
6770,4
6771,5
6772,1
6773,1
6774,1
6775,1
6776,5
6777,5
6778,1
6779,5
6780,4
6781,1
6782,5
6783,6
6784,1
6785,4
6786,5
6787,5
6788,1
6789,1
6790,5
6791,1
6792,1
6793,5
6794,4
6795,1
6796,5
6797,5
6798,4
6799,1
6800,5
6801,5
6802,5
6803,1
6804,5
6805,1
6806,1
6807,1
6808,5
6809,4
6810,5
6811,1
6812,4
6813,1
6814,1
6815,4
6816,1
6817,1
6818,6
6819,4
6820,4
6821,1
6822,1
6823,5
6824,1
6825,6
6826,6
6827,1
6828,6
6829,4
6830,2
6831,5
6832,2
6833,6
6834,6
6835,5
6836,5
6837,1
6838,4
6839,6
6840,6
6841,4
6842,5
6843,1
6844,1
6845,4
6846,1
6847,5
6848,1
6849,5
6850,6
6851,1
6852,5
6853,1
6854,6
6855,4
6856,5
6857,1
6858,5
6859,5
6860,6
6861,1
6862,6
6863,1
6864,5
6865,6
6866,1
6867,6
6868,6
6869,6
6870,6
6871,1
6872,6
6873,6
6874,5
6875,5
6876,4
6877,4
6878,6
6879,5
6880,4
6881,4
6882,6
6883,6
6884,4
6885,4
6886,1
6887,6
6888,4
6889,2
6890,5
6891,6
6892,6
6893,6
6894,5
6895,4
6896,2
6897,1
6898,1
6899,4
6900,1
6901,1
6902,5
6903,6
6904,5
6905,4
6906,1
6907,5
6908,4
6909,5
6910,1
6911,4
6912,1
6913,4
6914,1
6915,6
6916,6
6917,6
6918,6
6919,4
6920,4
6921,5
6922,6
6923,4
6924,1
6925,4
6926,6
6927,4
6928,5
6929,1
6930,6
6931,6
6932,4
6933,6
6934,1
6935,6
6936,1
6937,4
6938,1
6939,6
6940,4
6941,4
6942,6
6943,6
6944,6
6945,5
6946,5
6947,1
6948,1
6949,4
6950,4
6951,4
6952,6
6953,5
6954,1
6955,4
6956,1
6957,4
6958,6
6959,1
6960,4
6961,6
6962,5
6963,6
6964,5
6965,1
6966,6
6967,5
6968,6
6969,1
6970,4
6971,5
6972,5
6973,1
6974,5
6975,1
6976,4
6977,1
6978,1
6979,1
6980,4
6981,5
6982,6
6983,5
6984,5
6985,1
6986,1
6987,5
6988,4
6989,4
6990,4
6991,6
6992,1
6993,4
6994,1
6995,4
6996,1
6997,4
6998,1
6999,1
7000,6
7001,1
7002,5
7003,6
7004,1
7005,4
7006,4
7007,4
7008,4
7009,1
7010,4
7011,5
7012,1
7013,6
7014,4
7015,4
7016,6
7017,1
7018,4
7019,5
7020,4
7021,5
7022,4
7023,6
7024,6
7025,1
7026,1
7027,5
7028,6
7029,2
7030,1
7031,4
7032,1
7033,4
7034,6
7035,1
7036,4
7037,4
7038,1
7039,1
7040,6
7041,4
7042,1
7043,6
7044,7
7045,5
7046,1
7047,4
7048,4
7049,4
7050,6
7051,6
7052,1
7053,5
7054,4
7055,4
7056,1
7057,6
7058,5
7059,4
7060,6
7061,6
7062,4
7063,1
7064,1
7065,4
7066,1
7067,4
7068,4
7069,1
7070,1
7071,5
7072,5
7073,1
7074,5
7075,1
7076,5
7077,5
7078,1
7079,1
7080,5
7081,1
7082,4
7083,6
7084,5
7085,1
7086,5
7087,1
7088,5
7089,4
7090,1
7091,4
7092,6
7093,6
7094,6
7095,6
7096,6
7097,5
7098,1
7099,4
7100,1
7101,6
7102,6
7103,6
7104,1
7105,4
7106,5
7107,4
7108,6
7109,5
7110,6
7111,6
7112,6
7113,4
7114,1
7115,4
7116,5
7117,1
7118,4
7119,4
7120,4
7121,4
7122,5
7123,1
7124,5
7125,5
7126,1
7127,4
7128,6
7129,6
7130,1
7131,1
7132,5
7133,1
7134,1
7135,1
7136,1
7137,1
7138,4
7139,6
7140,4
7141,2
7142,4
7143,6
7144,6
7145,1
7146,6
7147,6
7148,1
7149,1
7150,1
7151,6
7152,4
7153,6
7154,1
7155,1
7156,1
7157,4
7158,1
7159,6
7160,1
7161,4
7162,5
7163,1
7164,1
7165,4
7166,1
7167,1
7168,4
7169,1
7170,1
7171,1
7172,1
7173,7
7174,7
7175,7
7176,4
7177,1
7178,4
7179,4
7180,4
7181,1
7182,7
7183,7
7184,1
7185,7
7186,1
7187,4
7188,6
7189,2
7190,7
7191,1
7192,4
7193,4
7194,7
7195,7
7196,1
7197,7
7198,4
7199,4
7200,1
7201,1
7202,7
7203,1
7204,7
7205,1
7206,1
7207,4
7208,4
7209,7
7210,7
7211,4
7212,7
7213,6
7214,7
7215,1
7216,7
7217,7
7218,7
7219,1
7220,7
7221,7
7222,4
7223,1
7224,7
7225,1
7226,7
7227,4
7228,1
7229,7
7230,1
7231,4
7232,4
7233,7
7234,1
7235,7
7236,4
7237,1
7238,1
7239,1
7240,4
7241,7
7242,7
7243,1
7244,4
7245,4
7246,7
7247,1
7248,1
7249,1
7250,5
7251,4
7252,1
7253,7
7254,1
7255,4
7256,7
7257,7
7258,1
7259,1
7260,4
7261,4
7262,7
7263,4
7264,1
7265,1
7266,7
7267,1
7268,1
7269,4
7270,1
7271,4
7272,4
7273,7
7274,6
7275,1
7276,4
7277,7
7278,7
7279,1
7280,1
7281,4
7282,7
7283,4
7284,1
7285,1
7286,7
7287,1
7288,7
7289,1
7290,1
7291,1
7292,7
7293,1
7294,4
7295,4
7296,1
7297,4
7298,1
7299,4
7300,1
7301,4
7302,7
7303,7
7304,4
7305,6
7306,7
7307,1
7308,1
7309,1
7310,1
7311,4
7312,1
7313,4
7314,4
7315,1
7316,7
7317,4
7318,7
7319,7
7320,1
7321,1
7322,6
7323,1
7324,1
7325,4
7326,4
7327,1
7328,1
7329,4
7330,4
7331,7
7332,4
7333,1
7334,7
7335,5
7336,1
7337,1
7338,4
7339,7
7340,1
7341,1
7342,7
7343,1
7344,7
7345,7
7346,1
7347,1
7348,6
7349,4
7350,4
7351,4
7352,1
7353,7
7354,1
7355,7
7356,4
7357,4
7358,4
7359,1
7360,7
7361,1
7362,4
7363,5
7364,5
7365,7
7366,7
7367,4
7368,7
7369,7
7370,1
7371,1
7372,4
7373,4
7374,5
7375,4
7376,4
7377,1
7378,7
7379,1
7380,1
7381,1
7382,1
7383,1
7384,4
7385,1
7386,7
7387,1
7388,4
7389,1
7390,7
7391,7
7392,1
7393,4
7394,1
7395,1
7396,6
7397,7
7398,7
7399,1
7400,4
7401,7
7402,4
7403,7
7404,1
7405,4
7406,1
7407,7
7408,1
7409,1
7410,5
7411,7
7412,1
7413,4
7414,7
7415,1
7416,7
7417,1
7418,6
7419,4
7420,7
7421,4
7422,4
7423,1
7424,7
7425,7
7426,1
7427,7
7428,1
7429,2
7430,6
7431,6
7432,1
7433,4
7434,1
7435,4
7436,7
7437,1
7438,4
7439,1
7440,6
7441,1
7442,1
7443,7
7444,1
7445,7
7446,4
7447,4
7448,7
7449,1
7450,1
7451,7
7452,7
7453,4
7454,5
7455,1
7456,4
7457,7
7458,7
7459,7
7460,6
7461,4
7462,1
7463,1
7464,1
7465,7
7466,1
7467,1
7468,1
7469,7
7470,1
7471,4
7472,7
7473,4
7474,1
7475,7
7476,7
7477,1
7478,4
7479,1
7480,7
7481,4
7482,6
7483,6
7484,1
7485,7
7486,1
7487,7
7488,1
7489,7
7490,1
7491,6
7492,1
7493,7
7494,4
7495,4
7496,5
7497,1
7498,4
7499,1
7500,7
7501,1
7502,1
7503,4
7504,1
7505,1
7506,1
7507,7
7508,4
7509,1
7510,4
7511,1
7512,4
7513,1
7514,7
7515,4
7516,1
7517,4
7518,4
7519,5
7520,1
7521,1
7522,6
7523,1
7524,7
7525,1
7526,1
7527,5
7528,5
7529,7
7530,6
7531,4
7532,1
7533,5
7534,7
7535,1
7536,1
7537,1
7538,1
7539,1
7540,4
7541,1
7542,5
7543,4
7544,1
7545,1
7546,4
7547,7
7548,7
7549,7
7550,1
7551,4
7552,1
7553,7
7554,1
7555,5
7556,1
7557,1
7558,6
7559,1
7560,1
7561,4
7562,4
7563,5
7564,5
7565,1
7566,1
7567,1
7568,6
7569,1
7570,5
7571,4
7572,4
7573,1
7574,5
7575,4
7576,4
7577,6
7578,5
7579,2
7580,6
7581,1
7582,5
7583,7
7584,2
7585,6
7586,4
7587,6
7588,4
7589,6
7590,1
7591,1
7592,5
7593,1
7594,1
7595,7
7596,1
7597,5
7598,4
7599,7
7600,7
7601,1
7602,1
7603,7
7604,1
7605,4
7606,6
7607,4
7608,7
7609,5
7610,7
7611,2
7612,6
7613,6
7614,1
7615,5
7616,5
7617,1
7618,1
7619,4
7620,1
7621,6
7622,1
7623,1
7624,1
7625,1
7626,4
7627,7
7628,4
7629,4
7630,1
7631,5
7632,1
7633,1
7634,1
7635,1
7636,6
7637,7
7638,7
7639,4
7640,4
7641,7
7642,1
7643,4
7644,5
7645,5
7646,5
7647,4
7648,1
7649,1
7650,1
7651,1
7652,6
7653,6
7654,4
7655,5
7656,4
7657,4
7658,1
7659,5
7660,1
7661,5
7662,4
7663,1
7664,4
7665,6
7666,1
7667,1
7668,5
7669,6
7670,4
7671,5
7672,1
7673,6
7674,1
7675,5
7676,6
7677,4
7678,1
7679,5
7680,1
7681,1
7682,5
7683,6
7684,4
7685,5
7686,1
7687,4
7688,1
7689,5
7690,5
7691,6
7692,6
7693,1
7694,6
7695,5
7696,7
7697,5
7698,5
7699,2
7700,6
7701,5
7702,1
7703,4
7704,1
7705,1
7706,5
7707,4
7708,5
7709,1
7710,1
7711,1
7712,5
7713,6
7714,6
7715,1
7716,1
7717,5
7718,4
7719,5
7720,1
7721,4
7722,1
7723,4
7724,4
7725,1
7726,4
7727,1
7728,6
7729,6
7730,5
7731,5
7732,6
7733,1
7734,5
7735,1
7736,6
7737,6
7738,7
7739,1
7740,1
7741,1
7742,7
7743,1
7744,4
7745,6
7746,2
7747,1
7748,1
7749,1
7750,4
7751,4
7752,6
7753,5
7754,7
7755,1
7756,6
7757,1
7758,6
7759,1
7760,1
7761,7
7762,4
7763,7
7764,1
7765,1
7766,7
7767,1
7768,7
7769,1
7770,1
7771,1
7772,1
7773,1
7774,1
7775,4
7776,1
7777,4
7778,4
7779,6
7780,4
7781,4
7782,1
7783,1
7784,1
7785,7
7786,7
7787,1
7788,7
7789,7
7790,4
7791,1
7792,4
7793,7
7794,7
7795,7
7796,7
7797,4
7798,1
7799,4
7800,7
7801,7
7802,4
7803,4
7804,4
7805,1
7806,6
7807,7
7808,7
7809,4
7810,4
7811,7
7812,4
7813,4
7814,4
7815,4
7816,1
7817,1
7818,4
7819,6
7820,7
7821,5
7822,4
7823,5
7824,5
7825,5
7826,5
7827,4
7828,7
7829,1
7830,7
7831,4
7832,4
7833,7
7834,1
7835,1
7836,6
7837,7
7838,1
7839,1
7840,7
7841,7
7842,4
7843,7
7844,4
7845,7
7846,1
7847,1
7848,7
7849,7
7850,1
7851,7
7852,1
7853,7
7854,7
7855,7
7856,6
7857,7
7858,4
7859,1
7860,1
7861,7
7862,4
7863,7
7864,1
7865,1
7866,6
7867,7
7868,1
7869,4
7870,1
7871,4
7872,7
7873,7
7874,7
7875,6
7876,4
7877,4
7878,7
7879,4
7880,7
7881,7
7882,4
7883,6
7884,7
7885,5
7886,1
7887,4
7888,1
7889,4
7890,7
7891,5
7892,4
7893,7
7894,7
7895,5
7896,4
7897,7
7898,7
7899,7
7900,7
7901,7
7902,5
7903,7
7904,7
7905,7
7906,1
7907,7
7908,4
7909,1
7910,5
7911,7
7912,5
7913,5
7914,7
7915,5
7916,4
7917,6
7918,7
7919,7
7920,7
7921,7
7922,1
7923,7
7924,4
7925,6
7926,1
7927,7
7928,4
7929,4
7930,7
7931,1
7932,7
7933,7
7934,7
7935,4
7936,6
7937,7
7938,1
7939,1
7940,7
7941,4
7942,5
7943,7
7944,4
7945,1
7946,4
7947,6
7948,7
7949,1
7950,5
7951,7
7952,7
7953,7
7954,1
7955,5
7956,7
7957,7
7958,7
7959,5
7960,7
7961,1
7962,1
7963,4
7964,1
7965,4
7966,1
7967,7
7968,7
7969,7
7970,6
7971,7
7972,7
7973,7
7974,7
7975,1
7976,4
7977,7
7978,1
7979,1
7980,4
7981,4
7982,1
7983,4
7984,5
7985,1
7986,1
7987,1
7988,5
7989,5
7990,1
7991,5
7992,5
7993,2
7994,5
7995,4
7996,1
7997,4
7998,1
7999,5
8000,1
8001,1
8002,4
8003,1
8004,1
8005,1
8006,1
8007,1
8008,5
8009,1
8010,1
8011,1
8012,5
8013,1
8014,4
8015,1
8016,1
8017,1
8018,1
8019,1
8020,1
8021,5
8022,4
8023,1
8024,5
8025,1
8026,1
8027,1
8028,4
8029,5
8030,5
8031,1
8032,5
8033,1
8034,5
8035,5
8036,4
8037,4
8038,1
8039,1
8040,1
8041,4
8042,1
8043,4
8044,1
8045,5
8046,4
8047,1
8048,1
8049,1
8050,5
8051,1
8052,1
8053,1
8054,1
8055,5
8056,5
8057,5
8058,5
8059,5
8060,1
8061,5
8062,6
8063,5
8064,5
8065,5
8066,1
8067,1
8068,1
8069,1
8070,4
8071,1
8072,1
8073,1
8074,1
8075,1
8076,1
8077,1
8078,5
8079,1
8080,5
8081,1
8082,5
8083,5
8084,1
8085,1
8086,5
8087,1
8088,1
8089,1
8090,1
8091,4
8092,1
8093,1
8094,5
8095,5
8096,5
8097,5
8098,1
8099,1
8100,1
8101,1
8102,1
8103,1
8104,1
8105,1
8106,1
8107,1
8108,1
8109,1
8110,5
8111,1
8112,5
8113,1
8114,1
8115,1
8116,1
8117,1
8118,1
8119,1
8120,5
8121,1
8122,1
8123,5
8124,1
8125,1
8126,1
8127,1
8128,1
8129,1
8130,1
8131,1
8132,1
8133,1
8134,1
8135,1
8136,5
8137,1
8138,1
8139,1
8140,1
8141,1
8142,5
8143,1
8144,1
8145,1
8146,5
8147,5
8148,1
8149,4
8150,1
8151,1
8152,1
8153,1
8154,1
8155,1
8156,5
8157,1
8158,1
8159,1
8160,4
8161,1
8162,1
8163,1
8164,1
8165,1
8166,1
8167,1
8168,1
8169,1
8170,1
8171,5
8172,1
8173,1
8174,1
8175,1
8176,1
8177,1
8178,1
8179,1
8180,1
8181,1
8182,1
8183,1
8184,1
8185,1
8186,1
8187,1
8188,1
8189,1
8190,1
8191,1
8192,1
8193,1
8194,1
8195,1
8196,4
8197,1
8198,1
8199,1
8200,1
8201,1
8202,1
8203,1
8204,1
8205,1
8206,1
8207,1
8208,1
8209,1
8210,1
8211,1
8212,1
8213,1
8214,1
8215,1
8216,5
8217,5
8218,1
8219,1
8220,1
8221,1
8222,1
8223,1
8224,5
8225,5
8226,1
8227,5
8228,1
8229,1
8230,1
8231,1
8232,1
8233,5
8234,1
8235,1
8236,5
8237,1
8238,1
8239,5
8240,1
8241,1
8242,1
8243,5
8244,5
8245,5
8246,1
8247,1
8248,1
8249,1
8250,1
8251,5
8252,1
8253,1
8254,5
8255,1
8256,1
8257,4
8258,4
8259,1
8260,1
8261,5
8262,1
8263,4
8264,4
8265,1
8266,1
8267,1
8268,1
8269,1
8270,1
8271,1
8272,5
8273,4
8274,4
8275,1
8276,4
8277,4
8278,1
8279,1
8280,5
8281,5
8282,1
8283,1
8284,1
8285,1
8286,1
8287,1
8288,1
8289,1
8290,4
8291,1
8292,1
8293,1
8294,1
8295,5
8296,1
8297,1
8298,5
8299,4
8300,1
8301,4
8302,1
8303,1
8304,1
8305,1
8306,5
8307,5
8308,5
8309,4
8310,1
8311,1
8312,1
8313,1
8314,1
8315,1
8316,1
8317,5
8318,1
8319,4
8320,1
8321,1
8322,1
8323,4
8324,1
8325,1
8326,1
8327,1
8328,1
8329,1
8330,1
8331,4
8332,1
8333,1
8334,1
8335,5
8336,1
8337,1
8338,1
8339,1
8340,1
8341,1
8342,1
8343,1
8344,6
8345,1
8346,1
8347,5
8348,1
8349,1
8350,1
8351,4
8352,4
8353,1
8354,1
8355,5
8356,1
8357,5
8358,1
8359,5
8360,1
8361,1
8362,4
8363,4
8364,1
8365,4
8366,1
8367,1
8368,1
8369,4
8370,1
8371,1
8372,1
8373,5
8374,1
8375,1
8376,5
8377,1
8378,4
8379,1
8380,5
8381,1
8382,1
8383,4
8384,1
8385,5
8386,1
8387,5
8388,1
8389,1
8390,1
8391,1
8392,1
8393,4
8394,1
8395,4
8396,1
8397,1
8398,4
8399,1
8400,1
8401,1
8402,1
8403,1
8404,1
8405,4
8406,1
8407,1
8408,1
8409,5
8410,1
8411,4
8412,1
8413,5
8414,6
8415,5
8416,5
8417,1
8418,4
8419,5
8420,4
8421,4
8422,5
8423,5
8424,1
8425,4
8426,1
8427,4
8428,1
8429,1
8430,1
8431,5
8432,1
8433,1
8434,4
8435,4
8436,4
8437,1
8438,5
8439,4
8440,1
8441,5
8442,1
8443,1
8444,1
8445,1
8446,1
8447,1
8448,1
8449,4
8450,5
8451,1
8452,1
8453,4
8454,1
8455,5
8456,4
8457,1
8458,1
8459,1
8460,5
8461,4
8462,1
8463,1
8464,1
8465,1
8466,1
8467,5
8468,1
8469,1
8470,1
8471,1
8472,5
8473,5
8474,1
8475,4
8476,5
8477,1
8478,6
8479,1
8480,5
8481,1
8482,1
8483,1
8484,1
8485,4
8486,1
8487,1
8488,5
8489,6
8490,1
8491,1
8492,5
8493,1
8494,5
8495,5
8496,1
8497,1
8498,1
8499,4
8500,1
8501,1
8502,5
8503,4
8504,1
8505,1
8506,1
8507,1
8508,4
8509,1
8510,1
8511,1
8512,1
8513,1
8514,1
8515,5
8516,1
8517,1
8518,1
8519,1
8520,4
8521,1
8522,1
8523,1
8524,4
8525,5
8526,4
8527,1
8528,4
8529,5
8530,5
8531,1
8532,1
8533,5
8534,1
8535,5
8536,5
8537,3
8538,5
8539,1
8540,5
8541,1
8542,5
8543,1
8544,5
8545,1
8546,5
8547,5
8548,5
8549,5
8550,5
8551,5
8552,1
8553,5
8554,6
8555,5
8556,5
8557,1
8558,5
8559,5
8560,1
8561,3
8562,5
8563,5
8564,5
8565,1
8566,5
8567,1
8568,5
8569,4
8570,1
8571,5
8572,5
8573,1
8574,1
8575,1
8576,5
8577,1
8578,4
8579,4
8580,1
