DocumentID,ClusterID
1,2
2,3
3,4
4,5
5,6
6,7
7,1
8,2
9,3
10,4
11,5
12,6
13,7
14,1
15,2
16,3
17,4
18,5
19,6
20,7
21,1
22,2
23,3
24,4
25,5
26,6
27,7
28,1
29,2
30,3
31,4
32,5
33,6
34,7
35,1
36,2
37,3
38,4
39,5
40,6
41,7
42,1
43,2
44,3
45,4
46,5
47,6
48,7
49,1
50,2
51,3
52,4
53,5
54,6
55,7
56,1
57,2
58,3
59,4
60,5
61,6
62,7
63,1
64,2
65,3
66,4
67,5
68,6
69,7
70,1
71,2
72,3
73,4
74,5
75,6
76,7
77,1
78,2
79,3
80,4
81,5
82,6
83,7
84,1
85,2
86,3
87,4
88,5
89,6
90,7
91,1
92,2
93,3
94,4
95,5
96,6
97,7
98,1
99,2
100,3
101,4
102,5
103,6
104,7
105,1
106,2
107,3
108,4
109,5
110,6
111,7
112,1
113,2
114,3
115,4
116,5
117,6
118,7
119,1
120,2
121,3
122,4
123,5
124,6
125,7
126,1
127,2
128,3
129,4
130,5
131,6
132,7
133,1
134,2
135,3
136,4
137,5
138,6
139,7
140,1
141,2
142,3
143,4
144,5
145,6
146,7
147,1
148,2
149,3
150,4
151,5
152,6
153,7
154,1
155,2
156,3
157,4
158,5
159,6
160,7
161,1
162,2
163,3
164,4
165,5
166,6
167,7
168,1
169,2
170,3
171,4
172,5
173,6
174,7
175,1
176,2
177,3
178,4
179,5
180,6
181,7
182,1
183,2
184,3
185,4
186,5
187,6
188,7
189,1
190,2
191,3
192,4
193,5
194,6
195,7
196,1
197,2
198,3
199,4
200,5
201,6
202,7
203,1
204,2
205,3
206,4
207,5
208,6
209,7
210,1
211,2
212,3
213,4
214,5
215,6
216,7
217,1
218,2
219,3
220,4
221,5
222,6
223,7
224,1
225,2
226,3
227,4
228,5
229,6
230,7
231,1
232,2
233,3
234,4
235,5
236,6
237,7
238,1
239,2
240,3
241,4
242,5
243,6
244,7
245,1
246,2
247,3
248,4
249,5
250,6
251,7
252,1
253,2
254,3
255,4
256,5
257,6
258,7
259,1
260,2
261,3
262,4
263,5
264,6
265,7
266,1
267,2
268,3
269,4
270,5
271,6
272,7
273,1
274,2
275,3
276,4
277,5
278,6
279,7
280,1
281,2
282,3
283,4
284,5
285,6
286,7
287,1
288,2
289,3
290,4
291,5
292,6
293,7
294,1
295,2
296,3
297,4
298,5
299,6
300,7
301,1
302,2
303,3
304,4
305,5
306,6
307,7
308,1
309,2
310,3
311,4
312,5
313,6
314,7
315,1
316,2
317,3
318,4
319,5
320,6
321,7
322,1
323,2
324,3
325,4
326,5
327,6
328,7
329,1
330,2
331,3
332,4
333,5
334,6
335,7
336,1
337,2
338,3
339,4
340,5
341,6
342,7
343,1
344,2
345,3
346,4
347,5
348,6
349,7
350,1
351,2
352,3
353,4
354,5
355,6
356,7
357,1
358,2
359,3
360,4
361,5
362,6
363,7
364,1
365,2
366,3
367,4
368,5
369,6
370,7
371,1
372,2
373,3
374,4
375,5
376,6
377,7
378,1
379,2
380,3
381,4
382,5
383,6
384,7
385,1
386,2
387,3
388,4
389,5
390,6
391,7
392,1
393,2
394,3
395,4
396,5
397,6
398,7
399,1
400,2
401,3
402,4
403,5
404,6
405,7
406,1
407,2
408,3
409,4
410,5
411,6
412,7
413,1
414,2
415,3
416,4
417,5
418,6
419,7
420,1
421,2
422,3
423,4
424,5
425,6
426,7
427,1
428,2
429,3
430,4
431,5
432,6
433,7
434,1
435,2
436,3
437,4
438,5
439,6
440,7
441,1
442,2
443,3
444,4
445,5
446,6
447,7
448,1
449,2
450,3
451,4
452,5
453,6
454,7
455,1
456,2
457,3
458,4
459,5
460,6
461,7
462,1
463,2
464,3
465,4
466,5
467,6
468,7
469,1
470,2
471,3
472,4
473,5
474,6
475,7
476,1
477,2
478,3
479,4
480,5
481,6
482,7
483,1
484,2
485,3
486,4
487,5
488,6
489,7
490,1
491,2
492,3
493,4
494,5
495,6
496,7
497,1
498,2
499,3
500,4
501,5
502,6
503,7
504,1
505,2
506,3
507,4
508,5
509,6
510,7
511,1
512,2
513,3
514,4
515,5
516,6
517,7
518,1
519,2
520,3
521,4
522,5
523,6
524,7
525,1
526,2
527,3
528,4
529,5
530,6
531,7
532,1
533,2
534,3
535,4
536,5
537,6
538,7
539,1
540,2
541,3
542,4
543,5
544,6
545,7
546,1
547,2
548,3
549,4
550,5
551,6
552,7
553,1
554,2
555,3
556,4
557,5
558,6
559,7
560,1
561,2
562,3
563,4
564,5
565,6
566,7
567,1
568,2
569,3
570,4
571,5
572,6
573,7
574,1
575,2
576,3
577,4
578,5
579,6
580,7
581,1
582,2
583,3
584,4
585,5
586,6
587,7
588,1
589,2
590,3
591,4
592,5
593,6
594,7
595,1
596,2
597,3
598,4
599,5
600,6
601,7
602,1
603,2
604,3
605,4
606,5
607,6
608,7
609,1
610,2
611,3
612,4
613,5
614,6
615,7
616,1
617,2
618,3
619,4
620,5
621,6
622,7
623,1
624,2
625,3
626,4
627,5
628,6
629,7
630,1
631,2
632,3
633,4
634,5
635,6
636,7
637,1
638,2
639,3
640,4
641,5
642,6
643,7
644,1
645,2
646,3
647,4
648,5
649,6
650,7
651,1
652,2
653,3
654,4
655,5
656,6
657,7
658,1
659,2
660,3
661,4
662,5
663,6
664,7
665,1
666,2
667,3
668,4
669,5
670,6
671,7
672,1
673,2
674,3
675,4
676,5
677,6
678,7
679,1
680,2
681,3
682,4
683,5
684,6
685,7
686,1
687,2
688,3
689,4
690,5
691,6
692,7
693,1
694,2
695,3
696,4
697,5
698,6
699,7
700,1
701,2
702,3
703,4
704,5
705,6
706,7
707,1
708,2
709,3
710,4
711,5
712,6
713,7
714,1
715,2
716,3
717,4
718,5
719,6
720,7
721,1
722,2
723,3
724,4
725,5
726,6
727,7
728,1
729,2
730,3
731,4
732,5
733,6
734,7
735,1
736,2
737,3
738,4
739,5
740,6
741,7
742,1
743,2
744,3
745,4
746,5
747,6
748,7
749,1
750,2
751,3
752,4
753,5
754,6
755,7
756,1
757,2
758,3
759,4
760,5
761,6
762,7
763,1
764,2
765,3
766,4
767,5
768,6
769,7
770,1
771,2
772,3
773,4
774,5
775,6
776,7
777,1
778,2
779,3
780,4
781,5
782,6
783,7
784,1
785,2
786,3
787,4
788,5
789,6
790,7
791,1
792,2
793,3
794,4
795,5
796,6
797,7
798,1
799,2
800,3
801,4
802,5
803,6
804,7
805,1
806,2
807,3
808,4
809,5
810,6
811,7
812,1
813,2
814,3
815,4
816,5
817,6
818,7
819,1
820,2
821,3
822,4
823,5
824,6
825,7
826,1
827,2
828,3
829,4
830,5
831,6
832,7
833,1
834,2
835,3
836,4
837,5
838,6
839,7
840,1
841,2
842,3
843,4
844,5
845,6
846,7
847,1
848,2
849,3
850,4
851,5
852,6
853,7
854,1
855,2
856,3
857,4
858,5
859,6
860,7
861,1
862,2
863,3
864,4
865,5
866,6
867,7
868,1
869,2
870,3
871,4
872,5
873,6
874,7
875,1
876,2
877,3
878,4
879,5
880,6
881,7
882,1
883,2
884,3
885,4
886,5
887,6
888,7
889,1
890,2
891,3
892,4
893,5
894,6
895,7
896,1
897,2
898,3
899,4
900,5
901,6
902,7
903,1
904,2
905,3
906,4
907,5
908,6
909,7
910,1
911,2
912,3
913,4
914,5
915,6
916,7
917,1
918,2
919,3
920,4
921,5
922,6
923,7
924,1
925,2
926,3
927,4
928,5
929,6
930,7
931,1
932,2
933,3
934,4
935,5
936,6
937,7
938,1
939,2
940,3
941,4
942,5
943,6
944,7
945,1
946,2
947,3
948,4
949,5
950,6
951,7
952,1
953,2
954,3
955,4
956,5
957,6
958,7
959,1
960,2
961,3
962,4
963,5
964,6
965,7
966,1
967,2
968,3
969,4
970,5
971,6
972,7
973,1
974,2
975,3
976,4
977,5
978,6
979,7
980,1
981,2
982,3
983,4
984,5
985,6
986,7
987,1
988,2
989,3
990,4
991,5
992,6
993,7
994,1
995,2
996,3
997,4
998,5
999,6
1000,7
1001,1
1002,2
1003,3
1004,4
1005,5
1006,6
1007,7
1008,1
1009,2
1010,3
1011,4
1012,5
1013,6
1014,7
1015,1
1016,2
1017,3
1018,4
1019,5
1020,6
1021,7
1022,1
1023,2
1024,3
1025,4
1026,5
1027,6
1028,7
1029,1
1030,2
1031,3
1032,4
1033,5
1034,6
1035,7
1036,1
1037,2
1038,3
1039,4
1040,5
1041,6
1042,7
1043,1
1044,2
1045,3
1046,4
1047,5
1048,6
1049,7
1050,1
1051,2
1052,3
1053,4
1054,5
1055,6
1056,7
1057,1
1058,2
1059,3
1060,4
1061,5
1062,6
1063,7
1064,1
1065,2
1066,3
1067,4
1068,5
1069,6
1070,7
1071,1
1072,2
1073,3
1074,4
1075,5
1076,6
1077,7
1078,1
1079,2
1080,3
1081,4
1082,5
1083,6
1084,7
1085,1
1086,2
1087,3
1088,4
1089,5
1090,6
1091,7
1092,1
1093,2
1094,3
1095,4
1096,5
1097,6
1098,7
1099,1
1100,2
1101,3
1102,4
1103,5
1104,6
1105,7
1106,1
1107,2
1108,3
1109,4
1110,5
1111,6
1112,7
1113,1
1114,2
1115,3
1116,4
1117,5
1118,6
1119,7
1120,1
1121,2
1122,3
1123,4
1124,5
1125,6
1126,7
1127,1
1128,2
1129,3
1130,4
1131,5
1132,6
1133,7
1134,1
1135,2
1136,3
1137,4
1138,5
1139,6
1140,7
1141,1
1142,2
1143,3
1144,4
1145,5
1146,6
1147,7
1148,1
1149,2
1150,3
1151,4
1152,5
1153,6
1154,7
1155,1
1156,2
1157,3
1158,4
1159,5
1160,6
1161,7
1162,1
1163,2
1164,3
1165,4
1166,5
1167,6
1168,7
1169,1
1170,2
1171,3
1172,4
1173,5
1174,6
1175,7
1176,1
1177,2
1178,3
1179,4
1180,5
1181,6
1182,7
1183,1
1184,2
1185,3
1186,4
1187,5
1188,6
1189,7
1190,1
1191,2
1192,3
1193,4
1194,5
1195,6
1196,7
1197,1
1198,2
1199,3
1200,4
1201,5
1202,6
1203,7
1204,1
1205,2
1206,3
1207,4
1208,5
1209,6
1210,7
1211,1
1212,2
1213,3
1214,4
1215,5
1216,6
1217,7
1218,1
1219,2
1220,3
1221,4
1222,5
1223,6
1224,7
1225,1
1226,2
1227,3
1228,4
1229,5
1230,6
1231,7
1232,1
1233,2
1234,3
1235,4
1236,5
1237,6
1238,7
1239,1
1240,2
1241,3
1242,4
1243,5
1244,6
1245,7
1246,1
1247,2
1248,3
1249,4
1250,5
1251,6
1252,7
1253,1
1254,2
1255,3
1256,4
1257,5
1258,6
1259,7
1260,1
1261,2
1262,3
1263,4
1264,5
1265,6
1266,7
1267,1
1268,2
1269,3
1270,4
1271,5
1272,6
1273,7
1274,1
1275,2
1276,3
1277,4
1278,5
1279,6
1280,7
1281,1
1282,2
1283,3
1284,4
1285,5
1286,6
1287,7
1288,1
1289,2
1290,3
1291,4
1292,5
1293,6
1294,7
1295,1
1296,2
1297,3
1298,4
1299,5
1300,6
1301,7
1302,1
1303,2
1304,3
1305,4
1306,5
1307,6
1308,7
1309,1
1310,2
1311,3
1312,4
1313,5
1314,6
1315,7
1316,1
1317,2
1318,3
1319,4
1320,5
1321,6
1322,7
1323,1
1324,2
1325,3
1326,4
1327,5
1328,6
1329,7
1330,1
1331,2
1332,3
1333,4
1334,5
1335,6
1336,7
1337,1
1338,2
1339,3
1340,4
1341,5
1342,6
1343,7
1344,1
1345,2
1346,3
1347,4
1348,5
1349,6
1350,7
1351,1
1352,2
1353,3
1354,4
1355,5
1356,6
1357,7
1358,1
1359,2
1360,3
1361,4
1362,5
1363,6
1364,7
1365,1
1366,2
1367,3
1368,4
1369,5
1370,6
1371,7
1372,1
1373,2
1374,3
1375,4
1376,5
1377,6
1378,7
1379,1
1380,2
1381,3
1382,4
1383,5
1384,6
1385,7
1386,1
1387,2
1388,3
1389,4
1390,5
1391,6
1392,7
1393,1
1394,2
1395,3
1396,4
1397,5
1398,6
1399,7
1400,1
1401,2
1402,3
1403,4
1404,5
1405,6
1406,7
1407,1
1408,2
1409,3
1410,4
1411,5
1412,6
1413,7
1414,1
1415,2
1416,3
1417,4
1418,5
1419,6
1420,7
1421,1
1422,2
1423,3
1424,4
1425,5
1426,6
1427,7
1428,1
1429,2
1430,3
1431,4
1432,5
1433,6
1434,7
1435,1
1436,2
1437,3
1438,4
1439,5
1440,6
1441,7
1442,1
1443,2
1444,3
1445,4
1446,5
1447,6
1448,7
1449,1
1450,2
1451,3
1452,4
1453,5
1454,6
1455,7
1456,1
1457,2
1458,3
1459,4
1460,5
1461,6
1462,7
1463,1
1464,2
1465,3
1466,4
1467,5
1468,6
1469,7
1470,1
1471,2
1472,3
1473,4
1474,5
1475,6
1476,7
1477,1
1478,2
1479,3
1480,4
1481,5
1482,6
1483,7
1484,1
1485,2
1486,3
1487,4
1488,5
1489,6
1490,7
1491,1
1492,2
1493,3
1494,4
1495,5
1496,6
1497,7
1498,1
1499,2
1500,3
1501,4
1502,5
1503,6
1504,7
1505,1
1506,2
1507,3
1508,4
1509,5
1510,6
1511,7
1512,1
1513,2
1514,3
1515,4
1516,5
1517,6
1518,7
1519,1
1520,2
1521,3
1522,4
1523,5
1524,6
1525,7
1526,1
1527,2
1528,3
1529,4
1530,5
1531,6
1532,7
1533,1
1534,2
1535,3
1536,4
1537,5
1538,6
1539,7
1540,1
1541,2
1542,3
1543,4
1544,5
1545,6
1546,7
1547,1
1548,2
1549,3
1550,4
1551,5
1552,6
1553,7
1554,1
1555,2
1556,3
1557,4
1558,5
1559,6
1560,7
1561,1
1562,2
1563,3
1564,4
1565,5
1566,6
1567,7
1568,1
1569,2
1570,3
1571,4
1572,5
1573,6
1574,7
1575,1
1576,2
1577,3
1578,4
1579,5
1580,6
1581,7
1582,1
1583,2
1584,3
1585,4
1586,5
1587,6
1588,7
1589,1
1590,2
1591,3
1592,4
1593,5
1594,6
1595,7
1596,1
1597,2
1598,3
1599,4
1600,5
1601,6
1602,7
1603,1
1604,2
1605,3
1606,4
1607,5
1608,6
1609,7
1610,1
1611,2
1612,3
1613,4
1614,5
1615,6
1616,7
1617,1
1618,2
1619,3
1620,4
1621,5
1622,6
1623,7
1624,1
1625,2
1626,3
1627,4
1628,5
1629,6
1630,7
1631,1
1632,2
1633,3
1634,4
1635,5
1636,6
1637,7
1638,1
1639,2
1640,3
1641,4
1642,5
1643,6
1644,7
1645,1
1646,2
1647,3
1648,4
1649,5
1650,6
1651,7
1652,1
1653,2
1654,3
1655,4
1656,5
1657,6
1658,7
1659,1
1660,2
1661,3
1662,4
1663,5
1664,6
1665,7
1666,1
1667,2
1668,3
1669,4
1670,5
1671,6
1672,7
1673,1
1674,2
1675,3
1676,4
1677,5
1678,6
1679,7
1680,1
1681,2
1682,3
1683,4
1684,5
1685,6
1686,7
1687,1
1688,2
1689,3
1690,4
1691,5
1692,6
1693,7
1694,1
1695,2
1696,3
1697,4
1698,5
1699,6
1700,7
1701,1
1702,2
1703,3
1704,4
1705,5
1706,6
1707,7
1708,1
1709,2
1710,3
1711,4
1712,5
1713,6
1714,7
1715,1
1716,2
1717,3
1718,4
1719,5
1720,6
1721,7
1722,1
1723,2
1724,3
1725,4
1726,5
1727,6
1728,7
1729,1
1730,2
1731,3
1732,4
1733,5
1734,6
1735,7
1736,1
1737,2
1738,3
1739,4
1740,5
1741,6
1742,7
1743,1
1744,2
1745,3
1746,4
1747,5
1748,6
1749,7
1750,1
1751,2
1752,3
1753,4
1754,5
1755,6
1756,7
1757,1
1758,2
1759,3
1760,4
1761,5
1762,6
1763,7
1764,1
1765,2
1766,3
1767,4
1768,5
1769,6
1770,7
1771,1
1772,2
1773,3
1774,4
1775,5
1776,6
1777,7
1778,1
1779,2
1780,3
1781,4
1782,5
1783,6
1784,7
1785,1
1786,2
1787,3
1788,4
1789,5
1790,6
1791,7
1792,1
1793,2
1794,3
1795,4
1796,5
1797,6
1798,7
1799,1
1800,2
1801,3
1802,4
1803,5
1804,6
1805,7
1806,1
1807,2
1808,3
1809,4
1810,5
1811,6
1812,7
1813,1
1814,2
1815,3
1816,4
1817,5
1818,6
1819,7
1820,1
1821,2
1822,3
1823,4
1824,5
1825,6
1826,7
1827,1
1828,2
1829,3
1830,4
1831,5
1832,6
1833,7
1834,1
1835,2
1836,3
1837,4
1838,5
1839,6
1840,7
1841,1
1842,2
1843,3
1844,4
1845,5
1846,6
1847,7
1848,1
1849,2
1850,3
1851,4
1852,5
1853,6
1854,7
1855,1
1856,2
1857,3
1858,4
1859,5
1860,6
1861,7
1862,1
1863,2
1864,3
1865,4
1866,5
1867,6
1868,7
1869,1
1870,2
1871,3
1872,4
1873,5
1874,6
1875,7
1876,1
1877,2
1878,3
1879,4
1880,5
1881,6
1882,7
1883,1
1884,2
1885,3
1886,4
1887,5
1888,6
1889,7
1890,1
1891,2
1892,3
1893,4
1894,5
1895,6
1896,7
1897,1
1898,2
1899,3
1900,4
1901,5
1902,6
1903,7
1904,1
1905,2
1906,3
1907,4
1908,5
1909,6
1910,7
1911,1
1912,2
1913,3
1914,4
1915,5
1916,6
1917,7
1918,1
1919,2
1920,3
1921,4
1922,5
1923,6
1924,7
1925,1
1926,2
1927,3
1928,4
1929,5
1930,6
1931,7
1932,1
1933,2
1934,3
1935,4
1936,5
1937,6
1938,7
1939,1
1940,2
1941,3
1942,4
1943,5
1944,6
1945,7
1946,1
1947,2
1948,3
1949,4
1950,5
1951,6
1952,7
1953,1
1954,2
1955,3
1956,4
1957,5
1958,6
1959,7
1960,1
1961,2
1962,3
1963,4
1964,5
1965,6
1966,7
1967,1
1968,2
1969,3
1970,4
1971,5
1972,6
1973,7
1974,1
1975,2
1976,3
1977,4
1978,5
1979,6
1980,7
1981,1
1982,2
1983,3
1984,4
1985,5
1986,6
1987,7
1988,1
1989,2
1990,3
1991,4
1992,5
1993,6
1994,7
1995,1
1996,2
1997,3
1998,4
1999,5
2000,6
2001,7
2002,1
2003,2
2004,3
2005,4
2006,5
2007,6
2008,7
2009,1
2010,2
2011,3
2012,4
2013,5
2014,6
2015,7
2016,1
2017,2
2018,3
2019,4
2020,5
2021,6
2022,7
2023,1
2024,2
2025,3
2026,4
2027,5
2028,6
2029,7
2030,1
2031,2
2032,3
2033,4
2034,5
2035,6
2036,7
2037,1
2038,2
2039,3
2040,4
2041,5
2042,6
2043,7
2044,1
2045,2
2046,3
2047,4
2048,5
2049,6
2050,7
2051,1
2052,2
2053,3
2054,4
2055,5
2056,6
2057,7
2058,1
2059,2
2060,3
2061,4
2062,5
2063,6
2064,7
2065,1
2066,2
2067,3
2068,4
2069,5
2070,6
2071,7
2072,1
2073,2
2074,3
2075,4
2076,5
2077,6
2078,7
2079,1
2080,2
2081,3
2082,4
2083,5
2084,6
2085,7
2086,1
2087,2
2088,3
2089,4
2090,5
2091,6
2092,7
2093,1
2094,2
2095,3
2096,4
2097,5
2098,6
2099,7
2100,1
2101,2
2102,3
2103,4
2104,5
2105,6
2106,7
2107,1
2108,2
2109,3
2110,4
2111,5
2112,6
2113,7
2114,1
2115,2
2116,3
2117,4
2118,5
2119,6
2120,7
2121,1
2122,2
2123,3
2124,4
2125,5
2126,6
2127,7
2128,1
2129,2
2130,3
2131,4
2132,5
2133,6
2134,7
2135,1
2136,2
2137,3
2138,4
2139,5
2140,6
2141,7
2142,1
2143,2
2144,3
2145,4
2146,5
2147,6
2148,7
2149,1
2150,2
2151,3
2152,4
2153,5
2154,6
2155,7
2156,1
2157,2
2158,3
2159,4
2160,5
2161,6
2162,7
2163,1
2164,2
2165,3
2166,4
2167,5
2168,6
2169,7
2170,1
2171,2
2172,3
2173,4
2174,5
2175,6
2176,7
2177,1
2178,2
2179,3
2180,4
2181,5
2182,6
2183,7
2184,1
2185,2
2186,3
2187,4
2188,5
2189,6
2190,7
2191,1
2192,2
2193,3
2194,4
2195,5
2196,6
2197,7
2198,1
2199,2
2200,3
2201,4
2202,5
2203,6
2204,7
2205,1
2206,2
2207,3
2208,4
2209,5
2210,6
2211,7
2212,1
2213,2
2214,3
2215,4
2216,5
2217,6
2218,7
2219,1
2220,2
2221,3
2222,4
2223,5
2224,6
2225,7
2226,1
2227,2
2228,3
2229,4
2230,5
2231,6
2232,7
2233,1
2234,2
2235,3
2236,4
2237,5
2238,6
2239,7
2240,1
2241,2
2242,3
2243,4
2244,5
2245,6
2246,7
2247,1
2248,2
2249,3
2250,4
2251,5
2252,6
2253,7
2254,1
2255,2
2256,3
2257,4
2258,5
2259,6
2260,7
2261,1
2262,2
2263,3
2264,4
2265,5
2266,6
2267,7
2268,1
2269,2
2270,3
2271,4
2272,5
2273,6
2274,7
2275,1
2276,2
2277,3
2278,4
2279,5
2280,6
2281,7
2282,1
2283,2
2284,3
2285,4
2286,5
2287,6
2288,7
2289,1
2290,2
2291,3
2292,4
2293,5
2294,6
2295,7
2296,1
2297,2
2298,3
2299,4
2300,5
2301,6
2302,7
2303,1
2304,2
2305,3
2306,4
2307,5
2308,6
2309,7
2310,1
2311,2
2312,3
2313,4
2314,5
2315,6
2316,7
2317,1
2318,2
2319,3
2320,4
2321,5
2322,6
2323,7
2324,1
2325,2
2326,3
2327,4
2328,5
2329,6
2330,7
2331,1
2332,2
2333,3
2334,4
2335,5
2336,6
2337,7
2338,1
2339,2
2340,3
2341,4
2342,5
2343,6
2344,7
2345,1
2346,2
2347,3
2348,4
2349,5
2350,6
2351,7
2352,1
2353,2
2354,3
2355,4
2356,5
2357,6
2358,7
2359,1
2360,2
2361,3
2362,4
2363,5
2364,6
2365,7
2366,1
2367,2
2368,3
2369,4
2370,5
2371,6
2372,7
2373,1
2374,2
2375,3
2376,4
2377,5
2378,6
2379,7
2380,1
2381,2
2382,3
2383,4
2384,5
2385,6
2386,7
2387,1
2388,2
2389,3
2390,4
2391,5
2392,6
2393,7
2394,1
2395,2
2396,3
2397,4
2398,5
2399,6
2400,7
2401,1
2402,2
2403,3
2404,4
2405,5
2406,6
2407,7
2408,1
2409,2
2410,3
2411,4
2412,5
2413,6
2414,7
2415,1
2416,2
2417,3
2418,4
2419,5
2420,6
2421,7
2422,1
2423,2
2424,3
2425,4
2426,5
2427,6
2428,7
2429,1
2430,2
2431,3
2432,4
2433,5
2434,6
2435,7
2436,1
2437,2
2438,3
2439,4
2440,5
2441,6
2442,7
2443,1
2444,2
2445,3
2446,4
2447,5
2448,6
2449,7
2450,1
2451,2
2452,3
2453,4
2454,5
2455,6
2456,7
2457,1
2458,2
2459,3
2460,4
2461,5
2462,6
2463,7
2464,1
2465,2
2466,3
2467,4
2468,5
2469,6
2470,7
2471,1
2472,2
2473,3
2474,4
2475,5
2476,6
2477,7
2478,1
2479,2
2480,3
2481,4
2482,5
2483,6
2484,7
2485,1
2486,2
2487,3
2488,4
2489,5
2490,6
2491,7
2492,1
2493,2
2494,3
2495,4
2496,5
2497,6
2498,7
2499,1
2500,2
2501,3
2502,4
2503,5
2504,6
2505,7
2506,1
2507,2
2508,3
2509,4
2510,5
2511,6
2512,7
2513,1
2514,2
2515,3
2516,4
2517,5
2518,6
2519,7
2520,1
2521,2
2522,3
2523,4
2524,5
2525,6
2526,7
2527,1
2528,2
2529,3
2530,4
2531,5
2532,6
2533,7
2534,1
2535,2
2536,3
2537,4
2538,5
2539,6
2540,7
2541,1
2542,2
2543,3
2544,4
2545,5
2546,6
2547,7
2548,1
2549,2
2550,3
2551,4
2552,5
2553,6
2554,7
2555,1
2556,2
2557,3
2558,4
2559,5
2560,6
2561,7
2562,1
2563,2
2564,3
2565,4
2566,5
2567,6
2568,7
2569,1
2570,2
2571,3
2572,4
2573,5
2574,6
2575,7
2576,1
2577,2
2578,3
2579,4
2580,5
2581,6
2582,7
2583,1
2584,2
2585,3
2586,4
2587,5
2588,6
2589,7
2590,1
2591,2
2592,3
2593,4
2594,5
2595,6
2596,7
2597,1
2598,2
2599,3
2600,4
2601,5
2602,6
2603,7
2604,1
2605,2
2606,3
2607,4
2608,5
2609,6
2610,7
2611,1
2612,2
2613,3
2614,4
2615,5
2616,6
2617,7
2618,1
2619,2
2620,3
2621,4
2622,5
2623,6
2624,7
2625,1
2626,2
2627,3
2628,4
2629,5
2630,6
2631,7
2632,1
2633,2
2634,3
2635,4
2636,5
2637,6
2638,7
2639,1
2640,2
2641,3
2642,4
2643,5
2644,6
2645,7
2646,1
2647,2
2648,3
2649,4
2650,5
2651,6
2652,7
2653,1
2654,2
2655,3
2656,4
2657,5
2658,6
2659,7
2660,1
2661,2
2662,3
2663,4
2664,5
2665,6
2666,7
2667,1
2668,2
2669,3
2670,4
2671,5
2672,6
2673,7
2674,1
2675,2
2676,3
2677,4
2678,5
2679,6
2680,7
2681,1
2682,2
2683,3
2684,4
2685,5
2686,6
2687,7
2688,1
2689,2
2690,3
2691,4
2692,5
2693,6
2694,7
2695,1
2696,2
2697,3
2698,4
2699,5
2700,6
2701,7
2702,1
2703,2
2704,3
2705,4
2706,5
2707,6
2708,7
2709,1
2710,2
2711,3
2712,4
2713,5
2714,6
2715,7
2716,1
2717,2
2718,3
2719,4
2720,5
2721,6
2722,7
2723,1
2724,2
2725,3
2726,4
2727,5
2728,6
2729,7
2730,1
2731,2
2732,3
2733,4
2734,5
2735,6
2736,7
2737,1
2738,2
2739,3
2740,4
2741,5
2742,6
2743,7
2744,1
2745,2
2746,3
2747,4
2748,5
2749,6
2750,7
2751,1
2752,2
2753,3
2754,4
2755,5
2756,6
2757,7
2758,1
2759,2
2760,3
2761,4
2762,5
2763,6
2764,7
2765,1
2766,2
2767,3
2768,4
2769,5
2770,6
2771,7
2772,1
2773,2
2774,3
2775,4
2776,5
2777,6
2778,7
2779,1
2780,2
2781,3
2782,4
2783,5
2784,6
2785,7
2786,1
2787,2
2788,3
2789,4
2790,5
2791,6
2792,7
2793,1
2794,2
2795,3
2796,4
2797,5
2798,6
2799,7
2800,1
2801,2
2802,3
2803,4
2804,5
2805,6
2806,7
2807,1
2808,2
2809,3
2810,4
2811,5
2812,6
2813,7
2814,1
2815,2
2816,3
2817,4
2818,5
2819,6
2820,7
2821,1
2822,2
2823,3
2824,4
2825,5
2826,6
2827,7
2828,1
2829,2
2830,3
2831,4
2832,5
2833,6
2834,7
2835,1
2836,2
2837,3
2838,4
2839,5
2840,6
2841,7
2842,1
2843,2
2844,3
2845,4
2846,5
2847,6
2848,7
2849,1
2850,2
2851,3
2852,4
2853,5
2854,6
2855,7
2856,1
2857,2
2858,3
2859,4
2860,5
2861,6
2862,7
2863,1
2864,2
2865,3
2866,4
2867,5
2868,6
2869,7
2870,1
2871,2
2872,3
2873,4
2874,5
2875,6
2876,7
2877,1
2878,2
2879,3
2880,4
2881,5
2882,6
2883,7
2884,1
2885,2
2886,3
2887,4
2888,5
2889,6
2890,7
2891,1
2892,2
2893,3
2894,4
2895,5
2896,6
2897,7
2898,1
2899,2
2900,3
2901,4
2902,5
2903,6
2904,7
2905,1
2906,2
2907,3
2908,4
2909,5
2910,6
2911,7
2912,1
2913,2
2914,3
2915,4
2916,5
2917,6
2918,7
2919,1
2920,2
2921,3
2922,4
2923,5
2924,6
2925,7
2926,1
2927,2
2928,3
2929,4
2930,5
2931,6
2932,7
2933,1
2934,2
2935,3
2936,4
2937,5
2938,6
2939,7
2940,1
2941,2
2942,3
2943,4
2944,5
2945,6
2946,7
2947,1
2948,2
2949,3
2950,4
2951,5
2952,6
2953,7
2954,1
2955,2
2956,3
2957,4
2958,5
2959,6
2960,7
2961,1
2962,2
2963,3
2964,4
2965,5
2966,6
2967,7
2968,1
2969,2
2970,3
2971,4
2972,5
2973,6
2974,7
2975,1
2976,2
2977,3
2978,4
2979,5
2980,6
2981,7
2982,1
2983,2
2984,3
2985,4
2986,5
2987,6
2988,7
2989,1
2990,2
2991,3
2992,4
2993,5
2994,6
2995,7
2996,1
2997,2
2998,3
2999,4
3000,5
3001,6
3002,7
3003,1
3004,2
3005,3
3006,4
3007,5
3008,6
3009,7
3010,1
3011,2
3012,3
3013,4
3014,5
3015,6
3016,7
3017,1
3018,2
3019,3
3020,4
3021,5
3022,6
3023,7
3024,1
3025,2
3026,3
3027,4
3028,5
3029,6
3030,7
3031,1
3032,2
3033,3
3034,4
3035,5
3036,6
3037,7
3038,1
3039,2
3040,3
3041,4
3042,5
3043,6
3044,7
3045,1
3046,2
3047,3
3048,4
3049,5
3050,6
3051,7
3052,1
3053,2
3054,3
3055,4
3056,5
3057,6
3058,7
3059,1
3060,2
3061,3
3062,4
3063,5
3064,6
3065,7
3066,1
3067,2
3068,3
3069,4
3070,5
3071,6
3072,7
3073,1
3074,2
3075,3
3076,4
3077,5
3078,6
3079,7
3080,1
3081,2
3082,3
3083,4
3084,5
3085,6
3086,7
3087,1
3088,2
3089,3
3090,4
3091,5
3092,6
3093,7
3094,1
3095,2
3096,3
3097,4
3098,5
3099,6
3100,7
3101,1
3102,2
3103,3
3104,4
3105,5
3106,6
3107,7
3108,1
3109,2
3110,3
3111,4
3112,5
3113,6
3114,7
3115,1
3116,2
3117,3
3118,4
3119,5
3120,6
3121,7
3122,1
3123,2
3124,3
3125,4
3126,5
3127,6
3128,7
3129,1
3130,2
3131,3
3132,4
3133,5
3134,6
3135,7
3136,1
3137,2
3138,3
3139,4
3140,5
3141,6
3142,7
3143,1
3144,2
3145,3
3146,4
3147,5
3148,6
3149,7
3150,1
3151,2
3152,3
3153,4
3154,5
3155,6
3156,7
3157,1
3158,2
3159,3
3160,4
3161,5
3162,6
3163,7
3164,1
3165,2
3166,3
3167,4
3168,5
3169,6
3170,7
3171,1
3172,2
3173,3
3174,4
3175,5
3176,6
3177,7
3178,1
3179,2
3180,3
3181,4
3182,5
3183,6
3184,7
3185,1
3186,2
3187,3
3188,4
3189,5
3190,6
3191,7
3192,1
3193,2
3194,3
3195,4
3196,5
3197,6
3198,7
3199,1
3200,2
3201,3
3202,4
3203,5
3204,6
3205,7
3206,1
3207,2
3208,3
3209,4
3210,5
3211,6
3212,7
3213,1
3214,2
3215,3
3216,4
3217,5
3218,6
3219,7
3220,1
3221,2
3222,3
3223,4
3224,5
3225,6
3226,7
3227,1
3228,2
3229,3
3230,4
3231,5
3232,6
3233,7
3234,1
3235,2
3236,3
3237,4
3238,5
3239,6
3240,7
3241,1
3242,2
3243,3
3244,4
3245,5
3246,6
3247,7
3248,1
3249,2
3250,3
3251,4
3252,5
3253,6
3254,7
3255,1
3256,2
3257,3
3258,4
3259,5
3260,6
3261,7
3262,1
3263,2
3264,3
3265,4
3266,5
3267,6
3268,7
3269,1
3270,2
3271,3
3272,4
3273,5
3274,6
3275,7
3276,1
3277,2
3278,3
3279,4
3280,5
3281,6
3282,7
3283,1
3284,2
3285,3
3286,4
3287,5
3288,6
3289,7
3290,1
3291,2
3292,3
3293,4
3294,5
3295,6
3296,7
3297,1
3298,2
3299,3
3300,4
3301,5
3302,6
3303,7
3304,1
3305,2
3306,3
3307,4
3308,5
3309,6
3310,7
3311,1
3312,2
3313,3
3314,4
3315,5
3316,6
3317,7
3318,1
3319,2
3320,3
3321,4
3322,5
3323,6
3324,7
3325,1
3326,2
3327,3
3328,4
3329,5
3330,6
3331,7
3332,1
3333,2
3334,3
3335,4
3336,5
3337,6
3338,7
3339,1
3340,2
3341,3
3342,4
3343,5
3344,6
3345,7
3346,1
3347,2
3348,3
3349,4
3350,5
3351,6
3352,7
3353,1
3354,2
3355,3
3356,4
3357,5
3358,6
3359,7
3360,1
3361,2
3362,3
3363,4
3364,5
3365,6
3366,7
3367,1
3368,2
3369,3
3370,4
3371,5
3372,6
3373,7
3374,1
3375,2
3376,3
3377,4
3378,5
3379,6
3380,7
3381,1
3382,2
3383,3
3384,4
3385,5
3386,6
3387,7
3388,1
3389,2
3390,3
3391,4
3392,5
3393,6
3394,7
3395,1
3396,2
3397,3
3398,4
3399,5
3400,6
3401,7
3402,1
3403,2
3404,3
3405,4
3406,5
3407,6
3408,7
3409,1
3410,2
3411,3
3412,4
3413,5
3414,6
3415,7
3416,1
3417,2
3418,3
3419,4
3420,5
3421,6
3422,7
3423,1
3424,2
3425,3
3426,4
3427,5
3428,6
3429,7
3430,1
3431,2
3432,3
3433,4
3434,5
3435,6
3436,7
3437,1
3438,2
3439,3
3440,4
3441,5
3442,6
3443,7
3444,1
3445,2
3446,3
3447,4
3448,5
3449,6
3450,7
3451,1
3452,2
3453,3
3454,4
3455,5
3456,6
3457,7
3458,1
3459,2
3460,3
3461,4
3462,5
3463,6
3464,7
3465,1
3466,2
3467,3
3468,4
3469,5
3470,6
3471,7
3472,1
3473,2
3474,3
3475,4
3476,5
3477,6
3478,7
3479,1
3480,2
3481,3
3482,4
3483,5
3484,6
3485,7
3486,1
3487,2
3488,3
3489,4
3490,5
3491,6
3492,7
3493,1
3494,2
3495,3
3496,4
3497,5
3498,6
3499,7
3500,1
3501,2
3502,3
3503,4
3504,5
3505,6
3506,7
3507,1
3508,2
3509,3
3510,4
3511,5
3512,6
3513,7
3514,1
3515,2
3516,3
3517,4
3518,5
3519,6
3520,7
3521,1
3522,2
3523,3
3524,4
3525,5
3526,6
3527,7
3528,1
3529,2
3530,3
3531,4
3532,5
3533,6
3534,7
3535,1
3536,2
3537,3
3538,4
3539,5
3540,6
3541,7
3542,1
3543,2
3544,3
3545,4
3546,5
3547,6
3548,7
3549,1
3550,2
3551,3
3552,4
3553,5
3554,6
3555,7
3556,1
3557,2
3558,3
3559,4
3560,5
3561,6
3562,7
3563,1
3564,2
3565,3
3566,4
3567,5
3568,6
3569,7
3570,1
3571,2
3572,3
3573,4
3574,5
3575,6
3576,7
3577,1
3578,2
3579,3
3580,4
3581,5
3582,6
3583,7
3584,1
3585,2
3586,3
3587,4
3588,5
3589,6
3590,7
3591,1
3592,2
3593,3
3594,4
3595,5
3596,6
3597,7
3598,1
3599,2
3600,3
3601,4
3602,5
3603,6
3604,7
3605,1
3606,2
3607,3
3608,4
3609,5
3610,6
3611,7
3612,1
3613,2
3614,3
3615,4
3616,5
3617,6
3618,7
3619,1
3620,2
3621,3
3622,4
3623,5
3624,6
3625,7
3626,1
3627,2
3628,3
3629,4
3630,5
3631,6
3632,7
3633,1
3634,2
3635,3
3636,4
3637,5
3638,6
3639,7
3640,1
3641,2
3642,3
3643,4
3644,5
3645,6
3646,7
3647,1
3648,2
3649,3
3650,4
3651,5
3652,6
3653,7
3654,1
3655,2
3656,3
3657,4
3658,5
3659,6
3660,7
3661,1
3662,2
3663,3
3664,4
3665,5
3666,6
3667,7
3668,1
3669,2
3670,3
3671,4
3672,5
3673,6
3674,7
3675,1
3676,2
3677,3
3678,4
3679,5
3680,6
3681,7
3682,1
3683,2
3684,3
3685,4
3686,5
3687,6
3688,7
3689,1
3690,2
3691,3
3692,4
3693,5
3694,6
3695,7
3696,1
3697,2
3698,3
3699,4
3700,5
3701,6
3702,7
3703,1
3704,2
3705,3
3706,4
3707,5
3708,6
3709,7
3710,1
3711,2
3712,3
3713,4
3714,5
3715,6
3716,7
3717,1
3718,2
3719,3
3720,4
3721,5
3722,6
3723,7
3724,1
3725,2
3726,3
3727,4
3728,5
3729,6
3730,7
3731,1
3732,2
3733,3
3734,4
3735,5
3736,6
3737,7
3738,1
3739,2
3740,3
3741,4
3742,5
3743,6
3744,7
3745,1
3746,2
3747,3
3748,4
3749,5
3750,6
3751,7
3752,1
3753,2
3754,3
3755,4
3756,5
3757,6
3758,7
3759,1
3760,2
3761,3
3762,4
3763,5
3764,6
3765,7
3766,1
3767,2
3768,3
3769,4
3770,5
3771,6
3772,7
3773,1
3774,2
3775,3
3776,4
3777,5
3778,6
3779,7
3780,1
3781,2
3782,3
3783,4
3784,5
3785,6
3786,7
3787,1
3788,2
3789,3
3790,4
3791,5
3792,6
3793,7
3794,1
3795,2
3796,3
3797,4
3798,5
3799,6
3800,7
3801,1
3802,2
3803,3
3804,4
3805,5
3806,6
3807,7
3808,1
3809,2
3810,3
3811,4
3812,5
3813,6
3814,7
3815,1
3816,2
3817,3
3818,4
3819,5
3820,6
3821,7
3822,1
3823,2
3824,3
3825,4
3826,5
3827,6
3828,7
3829,1
3830,2
3831,3
3832,4
3833,5
3834,6
3835,7
3836,1
3837,2
3838,3
3839,4
3840,5
3841,6
3842,7
3843,1
3844,2
3845,3
3846,4
3847,5
3848,6
3849,7
3850,1
3851,2
3852,3
3853,4
3854,5
3855,6
3856,7
3857,1
3858,2
3859,3
3860,4
3861,5
3862,6
3863,7
3864,1
3865,2
3866,3
3867,4
3868,5
3869,6
3870,7
3871,1
3872,2
3873,3
3874,4
3875,5
3876,6
3877,7
3878,1
3879,2
3880,3
3881,4
3882,5
3883,6
3884,7
3885,1
3886,2
3887,3
3888,4
3889,5
3890,6
3891,7
3892,1
3893,2
3894,3
3895,4
3896,5
3897,6
3898,7
3899,1
3900,2
3901,3
3902,4
3903,5
3904,6
3905,7
3906,1
3907,2
3908,3
3909,4
3910,5
3911,6
3912,7
3913,1
3914,2
3915,3
3916,4
3917,5
3918,6
3919,7
3920,1
3921,2
3922,3
3923,4
3924,5
3925,6
3926,7
3927,1
3928,2
3929,3
3930,4
3931,5
3932,6
3933,7
3934,1
3935,2
3936,3
3937,4
3938,5
3939,6
3940,7
3941,1
3942,2
3943,3
3944,4
3945,5
3946,6
3947,7
3948,1
3949,2
3950,3
3951,4
3952,5
3953,6
3954,7
3955,1
3956,2
3957,3
3958,4
3959,5
3960,6
3961,7
3962,1
3963,2
3964,3
3965,4
3966,5
3967,6
3968,7
3969,1
3970,2
3971,3
3972,4
3973,5
3974,6
3975,7
3976,1
3977,2
3978,3
3979,4
3980,5
3981,6
3982,7
3983,1
3984,2
3985,3
3986,4
3987,5
3988,6
3989,7
3990,1
3991,2
3992,3
3993,4
3994,5
3995,6
3996,7
3997,1
3998,2
3999,3
4000,4
4001,5
4002,6
4003,7
4004,1
4005,2
4006,3
4007,4
4008,5
4009,6
4010,7
4011,1
4012,2
4013,3
4014,4
4015,5
4016,6
4017,7
4018,1
4019,2
4020,3
4021,4
4022,5
4023,6
4024,7
4025,1
4026,2
4027,3
4028,4
4029,5
4030,6
4031,7
4032,1
4033,2
4034,3
4035,4
4036,5
4037,6
4038,7
4039,1
4040,2
4041,3
4042,4
4043,5
4044,6
4045,7
4046,1
4047,2
4048,3
4049,4
4050,5
4051,6
4052,7
4053,1
4054,2
4055,3
4056,4
4057,5
4058,6
4059,7
4060,1
4061,2
4062,3
4063,4
4064,5
4065,6
4066,7
4067,1
4068,2
4069,3
4070,4
4071,5
4072,6
4073,7
4074,1
4075,2
4076,3
4077,4
4078,5
4079,6
4080,7
4081,1
4082,2
4083,3
4084,4
4085,5
4086,6
4087,7
4088,1
4089,2
4090,3
4091,4
4092,5
4093,6
4094,7
4095,1
4096,2
4097,3
4098,4
4099,5
4100,6
4101,7
4102,1
4103,2
4104,3
4105,4
4106,5
4107,6
4108,7
4109,1
4110,2
4111,3
4112,4
4113,5
4114,6
4115,7
4116,1
4117,2
4118,3
4119,4
4120,5
4121,6
4122,7
4123,1
4124,2
4125,3
4126,4
4127,5
4128,6
4129,7
4130,1
4131,2
4132,3
4133,4
4134,5
4135,6
4136,7
4137,1
4138,2
4139,3
4140,4
4141,5
4142,6
4143,7
4144,1
4145,2
4146,3
4147,4
4148,5
4149,6
4150,7
4151,1
4152,2
4153,3
4154,4
4155,5
4156,6
4157,7
4158,1
4159,2
4160,3
4161,4
4162,5
4163,6
4164,7
4165,1
4166,2
4167,3
4168,4
4169,5
4170,6
4171,7
4172,1
4173,2
4174,3
4175,4
4176,5
4177,6
4178,7
4179,1
4180,2
4181,3
4182,4
4183,5
4184,6
4185,7
4186,1
4187,2
4188,3
4189,4
4190,5
4191,6
4192,7
4193,1
4194,2
4195,3
4196,4
4197,5
4198,6
4199,7
4200,1
4201,2
4202,3
4203,4
4204,5
4205,6
4206,7
4207,1
4208,2
4209,3
4210,4
4211,5
4212,6
4213,7
4214,1
4215,2
4216,3
4217,4
4218,5
4219,6
4220,7
4221,1
4222,2
4223,3
4224,4
4225,5
4226,6
4227,7
4228,1
4229,2
4230,3
4231,4
4232,5
4233,6
4234,7
4235,1
4236,2
4237,3
4238,4
4239,5
4240,6
4241,7
4242,1
4243,2
4244,3
4245,4
4246,5
4247,6
4248,7
4249,1
4250,2
4251,3
4252,4
4253,5
4254,6
4255,7
4256,1
4257,2
4258,3
4259,4
4260,5
4261,6
4262,7
4263,1
4264,2
4265,3
4266,4
4267,5
4268,6
4269,7
4270,1
4271,2
4272,3
4273,4
4274,5
4275,6
4276,7
4277,1
4278,2
4279,3
4280,4
4281,5
4282,6
4283,7
4284,1
4285,2
4286,3
4287,4
4288,5
4289,6
4290,7
4291,1
4292,2
4293,3
4294,4
4295,5
4296,6
4297,7
4298,1
4299,2
4300,3
4301,4
4302,5
4303,6
4304,7
4305,1
4306,2
4307,3
4308,4
4309,5
4310,6
4311,7
4312,1
4313,2
4314,3
4315,4
4316,5
4317,6
4318,7
4319,1
4320,2
4321,3
4322,4
4323,5
4324,6
4325,7
4326,1
4327,2
4328,3
4329,4
4330,5
4331,6
4332,7
4333,1
4334,2
4335,3
4336,4
4337,5
4338,6
4339,7
4340,1
4341,2
4342,3
4343,4
4344,5
4345,6
4346,7
4347,1
4348,2
4349,3
4350,4
4351,5
4352,6
4353,7
4354,1
4355,2
4356,3
4357,4
4358,5
4359,6
4360,7
4361,1
4362,2
4363,3
4364,4
4365,5
4366,6
4367,7
4368,1
4369,2
4370,3
4371,4
4372,5
4373,6
4374,7
4375,1
4376,2
4377,3
4378,4
4379,5
4380,6
4381,7
4382,1
4383,2
4384,3
4385,4
4386,5
4387,6
4388,7
4389,1
4390,2
4391,3
4392,4
4393,5
4394,6
4395,7
4396,1
4397,2
4398,3
4399,4
4400,5
4401,6
4402,7
4403,1
4404,2
4405,3
4406,4
4407,5
4408,6
4409,7
4410,1
4411,2
4412,3
4413,4
4414,5
4415,6
4416,7
4417,1
4418,2
4419,3
4420,4
4421,5
4422,6
4423,7
4424,1
4425,2
4426,3
4427,4
4428,5
4429,6
4430,7
4431,1
4432,2
4433,3
4434,4
4435,5
4436,6
4437,7
4438,1
4439,2
4440,3
4441,4
4442,5
4443,6
4444,7
4445,1
4446,2
4447,3
4448,4
4449,5
4450,6
4451,7
4452,1
4453,2
4454,3
4455,4
4456,5
4457,6
4458,7
4459,1
4460,2
4461,3
4462,4
4463,5
4464,6
4465,7
4466,1
4467,2
4468,3
4469,4
4470,5
4471,6
4472,7
4473,1
4474,2
4475,3
4476,4
4477,5
4478,6
4479,7
4480,1
4481,2
4482,3
4483,4
4484,5
4485,6
4486,7
4487,1
4488,2
4489,3
4490,4
4491,5
4492,6
4493,7
4494,1
4495,2
4496,3
4497,4
4498,5
4499,6
4500,7
4501,1
4502,2
4503,3
4504,4
4505,5
4506,6
4507,7
4508,1
4509,2
4510,3
4511,4
4512,5
4513,6
4514,7
4515,1
4516,2
4517,3
4518,4
4519,5
4520,6
4521,7
4522,1
4523,2
4524,3
4525,4
4526,5
4527,6
4528,7
4529,1
4530,2
4531,3
4532,4
4533,5
4534,6
4535,7
4536,1
4537,2
4538,3
4539,4
4540,5
4541,6
4542,7
4543,1
4544,2
4545,3
4546,4
4547,5
4548,6
4549,7
4550,1
4551,2
4552,3
4553,4
4554,5
4555,6
4556,7
4557,1
4558,2
4559,3
4560,4
4561,5
4562,6
4563,7
4564,1
4565,2
4566,3
4567,4
4568,5
4569,6
4570,7
4571,1
4572,2
4573,3
4574,4
4575,5
4576,6
4577,7
4578,1
4579,2
4580,3
4581,4
4582,5
4583,6
4584,7
4585,1
4586,2
4587,3
4588,4
4589,5
4590,6
4591,7
4592,1
4593,2
4594,3
4595,4
4596,5
4597,6
4598,7
4599,1
4600,2
4601,3
4602,4
4603,5
4604,6
4605,7
4606,1
4607,2
4608,3
4609,4
4610,5
4611,6
4612,7
4613,1
4614,2
4615,3
4616,4
4617,5
4618,6
4619,7
4620,1
4621,2
4622,3
4623,4
4624,5
4625,6
4626,7
4627,1
4628,2
4629,3
4630,4
4631,5
4632,6
4633,7
4634,1
4635,2
4636,3
4637,4
4638,5
4639,6
4640,7
4641,1
4642,2
4643,3
4644,4
4645,5
4646,6
4647,7
4648,1
4649,2
4650,3
4651,4
4652,5
4653,6
4654,7
4655,1
4656,2
4657,3
4658,4
4659,5
4660,6
4661,7
4662,1
4663,2
4664,3
4665,4
4666,5
4667,6
4668,7
4669,1
4670,2
4671,3
4672,4
4673,5
4674,6
4675,7
4676,1
4677,2
4678,3
4679,4
4680,5
4681,6
4682,7
4683,1
4684,2
4685,3
4686,4
4687,5
4688,6
4689,7
4690,1
4691,2
4692,3
4693,4
4694,5
4695,6
4696,7
4697,1
4698,2
4699,3
4700,4
4701,5
4702,6
4703,7
4704,1
4705,2
4706,3
4707,4
4708,5
4709,6
4710,7
4711,1
4712,2
4713,3
4714,4
4715,5
4716,6
4717,7
4718,1
4719,2
4720,3
4721,4
4722,5
4723,6
4724,7
4725,1
4726,2
4727,3
4728,4
4729,5
4730,6
4731,7
4732,1
4733,2
4734,3
4735,4
4736,5
4737,6
4738,7
4739,1
4740,2
4741,3
4742,4
4743,5
4744,6
4745,7
4746,1
4747,2
4748,3
4749,4
4750,5
4751,6
4752,7
4753,1
4754,2
4755,3
4756,4
4757,5
4758,6
4759,7
4760,1
4761,2
4762,3
4763,4
4764,5
4765,6
4766,7
4767,1
4768,2
4769,3
4770,4
4771,5
4772,6
4773,7
4774,1
4775,2
4776,3
4777,4
4778,5
4779,6
4780,7
4781,1
4782,2
4783,3
4784,4
4785,5
4786,6
4787,7
4788,1
4789,2
4790,3
4791,4
4792,5
4793,6
4794,7
4795,1
4796,2
4797,3
4798,4
4799,5
4800,6
4801,7
4802,1
4803,2
4804,3
4805,4
4806,5
4807,6
4808,7
4809,1
4810,2
4811,3
4812,4
4813,5
4814,6
4815,7
4816,1
4817,2
4818,3
4819,4
4820,5
4821,6
4822,7
4823,1
4824,2
4825,3
4826,4
4827,5
4828,6
4829,7
4830,1
4831,2
4832,3
4833,4
4834,5
4835,6
4836,7
4837,1
4838,2
4839,3
4840,4
4841,5
4842,6
4843,7
4844,1
4845,2
4846,3
4847,4
4848,5
4849,6
4850,7
4851,1
4852,2
4853,3
4854,4
4855,5
4856,6
4857,7
4858,1
4859,2
4860,3
4861,4
4862,5
4863,6
4864,7
4865,1
4866,2
4867,3
4868,4
4869,5
4870,6
4871,7
4872,1
4873,2
4874,3
4875,4
4876,5
4877,6
4878,7
4879,1
4880,2
4881,3
4882,4
4883,5
4884,6
4885,7
4886,1
4887,2
4888,3
4889,4
4890,5
4891,6
4892,7
4893,1
4894,2
4895,3
4896,4
4897,5
4898,6
4899,7
4900,1
4901,2
4902,3
4903,4
4904,5
4905,6
4906,7
4907,1
4908,2
4909,3
4910,4
4911,5
4912,6
4913,7
4914,1
4915,2
4916,3
4917,4
4918,5
4919,6
4920,7
4921,1
4922,2
4923,3
4924,4
4925,5
4926,6
4927,7
4928,1
4929,2
4930,3
4931,4
4932,5
4933,6
4934,7
4935,1
4936,2
4937,3
4938,4
4939,5
4940,6
4941,7
4942,1
4943,2
4944,3
4945,4
4946,5
4947,6
4948,7
4949,1
4950,2
4951,3
4952,4
4953,5
4954,6
4955,7
4956,1
4957,2
4958,3
4959,4
4960,5
4961,6
4962,7
4963,1
4964,2
4965,3
4966,4
4967,5
4968,6
4969,7
4970,1
4971,2
4972,3
4973,4
4974,5
4975,6
4976,7
4977,1
4978,2
4979,3
4980,4
4981,5
4982,6
4983,7
4984,1
4985,2
4986,3
4987,4
4988,5
4989,6
4990,7
4991,1
4992,2
4993,3
4994,4
4995,5
4996,6
4997,7
4998,1
4999,2
5000,3
5001,4
5002,5
5003,6
5004,7
5005,1
5006,2
5007,3
5008,4
5009,5
5010,6
5011,7
5012,1
5013,2
5014,3
5015,4
5016,5
5017,6
5018,7
5019,1
5020,2
5021,3
5022,4
5023,5
5024,6
5025,7
5026,1
5027,2
5028,3
5029,4
5030,5
5031,6
5032,7
5033,1
5034,2
5035,3
5036,4
5037,5
5038,6
5039,7
5040,1
5041,2
5042,3
5043,4
5044,5
5045,6
5046,7
5047,1
5048,2
5049,3
5050,4
5051,5
5052,6
5053,7
5054,1
5055,2
5056,3
5057,4
5058,5
5059,6
5060,7
5061,1
5062,2
5063,3
5064,4
5065,5
5066,6
5067,7
5068,1
5069,2
5070,3
5071,4
5072,5
5073,6
5074,7
5075,1
5076,2
5077,3
5078,4
5079,5
5080,6
5081,7
5082,1
5083,2
5084,3
5085,4
5086,5
5087,6
5088,7
5089,1
5090,2
5091,3
5092,4
5093,5
5094,6
5095,7
5096,1
5097,2
5098,3
5099,4
5100,5
5101,6
5102,7
5103,1
5104,2
5105,3
5106,4
5107,5
5108,6
5109,7
5110,1
5111,2
5112,3
5113,4
5114,5
5115,6
5116,7
5117,1
5118,2
5119,3
5120,4
5121,5
5122,6
5123,7
5124,1
5125,2
5126,3
5127,4
5128,5
5129,6
5130,7
5131,1
5132,2
5133,3
5134,4
5135,5
5136,6
5137,7
5138,1
5139,2
5140,3
5141,4
5142,5
5143,6
5144,7
5145,1
5146,2
5147,3
5148,4
5149,5
5150,6
5151,7
5152,1
5153,2
5154,3
5155,4
5156,5
5157,6
5158,7
5159,1
5160,2
5161,3
5162,4
5163,5
5164,6
5165,7
5166,1
5167,2
5168,3
5169,4
5170,5
5171,6
5172,7
5173,1
5174,2
5175,3
5176,4
5177,5
5178,6
5179,7
5180,1
5181,2
5182,3
5183,4
5184,5
5185,6
5186,7
5187,1
5188,2
5189,3
5190,4
5191,5
5192,6
5193,7
5194,1
5195,2
5196,3
5197,4
5198,5
5199,6
5200,7
5201,1
5202,2
5203,3
5204,4
5205,5
5206,6
5207,7
5208,1
5209,2
5210,3
5211,4
5212,5
5213,6
5214,7
5215,1
5216,2
5217,3
5218,4
5219,5
5220,6
5221,7
5222,1
5223,2
5224,3
5225,4
5226,5
5227,6
5228,7
5229,1
5230,2
5231,3
5232,4
5233,5
5234,6
5235,7
5236,1
5237,2
5238,3
5239,4
5240,5
5241,6
5242,7
5243,1
5244,2
5245,3
5246,4
5247,5
5248,6
5249,7
5250,1
5251,2
5252,3
5253,4
5254,5
5255,6
5256,7
5257,1
5258,2
5259,3
5260,4
5261,5
5262,6
5263,7
5264,1
5265,2
5266,3
5267,4
5268,5
5269,6
5270,7
5271,1
5272,2
5273,3
5274,4
5275,5
5276,6
5277,7
5278,1
5279,2
5280,3
5281,4
5282,5
5283,6
5284,7
5285,1
5286,2
5287,3
5288,4
5289,5
5290,6
5291,7
5292,1
5293,2
5294,3
5295,4
5296,5
5297,6
5298,7
5299,1
5300,2
5301,3
5302,4
5303,5
5304,6
5305,7
5306,1
5307,2
5308,3
5309,4
5310,5
5311,6
5312,7
5313,1
5314,2
5315,3
5316,4
5317,5
5318,6
5319,7
5320,1
5321,2
5322,3
5323,4
5324,5
5325,6
5326,7
5327,1
5328,2
5329,3
5330,4
5331,5
5332,6
5333,7
5334,1
5335,2
5336,3
5337,4
5338,5
5339,6
5340,7
5341,1
5342,2
5343,3
5344,4
5345,5
5346,6
5347,7
5348,1
5349,2
5350,3
5351,4
5352,5
5353,6
5354,7
5355,1
5356,2
5357,3
5358,4
5359,5
5360,6
5361,7
5362,1
5363,2
5364,3
5365,4
5366,5
5367,6
5368,7
5369,1
5370,2
5371,3
5372,4
5373,5
5374,6
5375,7
5376,1
5377,2
5378,3
5379,4
5380,5
5381,6
5382,7
5383,1
5384,2
5385,3
5386,4
5387,5
5388,6
5389,7
5390,1
5391,2
5392,3
5393,4
5394,5
5395,6
5396,7
5397,1
5398,2
5399,3
5400,4
5401,5
5402,6
5403,7
5404,1
5405,2
5406,3
5407,4
5408,5
5409,6
5410,7
5411,1
5412,2
5413,3
5414,4
5415,5
5416,6
5417,7
5418,1
5419,2
5420,3
5421,4
5422,5
5423,6
5424,7
5425,1
5426,2
5427,3
5428,4
5429,5
5430,6
5431,7
5432,1
5433,2
5434,3
5435,4
5436,5
5437,6
5438,7
5439,1
5440,2
5441,3
5442,4
5443,5
5444,6
5445,7
5446,1
5447,2
5448,3
5449,4
5450,5
5451,6
5452,7
5453,1
5454,2
5455,3
5456,4
5457,5
5458,6
5459,7
5460,1
5461,2
5462,3
5463,4
5464,5
5465,6
5466,7
5467,1
5468,2
5469,3
5470,4
5471,5
5472,6
5473,7
5474,1
5475,2
5476,3
5477,4
5478,5
5479,6
5480,7
5481,1
5482,2
5483,3
5484,4
5485,5
5486,6
5487,7
5488,1
5489,2
5490,3
5491,4
5492,5
5493,6
5494,7
5495,1
5496,2
5497,3
5498,4
5499,5
5500,6
5501,7
5502,1
5503,2
5504,3
5505,4
5506,5
5507,6
5508,7
5509,1
5510,2
5511,3
5512,4
5513,5
5514,6
5515,7
5516,1
5517,2
5518,3
5519,4
5520,5
5521,6
5522,7
5523,1
5524,2
5525,3
5526,4
5527,5
5528,6
5529,7
5530,1
5531,2
5532,3
5533,4
5534,5
5535,6
5536,7
5537,1
5538,2
5539,3
5540,4
5541,5
5542,6
5543,7
5544,1
5545,2
5546,3
5547,4
5548,5
5549,6
5550,7
5551,1
5552,2
5553,3
5554,4
5555,5
5556,6
5557,7
5558,1
5559,2
5560,3
5561,4
5562,5
5563,6
5564,7
5565,1
5566,2
5567,3
5568,4
5569,5
5570,6
5571,7
5572,1
5573,2
5574,3
5575,4
5576,5
5577,6
5578,7
5579,1
5580,2
5581,3
5582,4
5583,5
5584,6
5585,7
5586,1
5587,2
5588,3
5589,4
5590,5
5591,6
5592,7
5593,1
5594,2
5595,3
5596,4
5597,5
5598,6
5599,7
5600,1
5601,2
5602,3
5603,4
5604,5
5605,6
5606,7
5607,1
5608,2
5609,3
5610,4
5611,5
5612,6
5613,7
5614,1
5615,2
5616,3
5617,4
5618,5
5619,6
5620,7
5621,1
5622,2
5623,3
5624,4
5625,5
5626,6
5627,7
5628,1
5629,2
5630,3
5631,4
5632,5
5633,6
5634,7
5635,1
5636,2
5637,3
5638,4
5639,5
5640,6
5641,7
5642,1
5643,2
5644,3
5645,4
5646,5
5647,6
5648,7
5649,1
5650,2
5651,3
5652,4
5653,5
5654,6
5655,7
5656,1
5657,2
5658,3
5659,4
5660,5
5661,6
5662,7
5663,1
5664,2
5665,3
5666,4
5667,5
5668,6
5669,7
5670,1
5671,2
5672,3
5673,4
5674,5
5675,6
5676,7
5677,1
5678,2
5679,3
5680,4
5681,5
5682,6
5683,7
5684,1
5685,2
5686,3
5687,4
5688,5
5689,6
5690,7
5691,1
5692,2
5693,3
5694,4
5695,5
5696,6
5697,7
5698,1
5699,2
5700,3
5701,4
5702,5
5703,6
5704,7
5705,1
5706,2
5707,3
5708,4
5709,5
5710,6
5711,7
5712,1
5713,2
5714,3
5715,4
5716,5
5717,6
5718,7
5719,1
5720,2
5721,3
5722,4
5723,5
5724,6
5725,7
5726,1
5727,2
5728,3
5729,4
5730,5
5731,6
5732,7
5733,1
5734,2
5735,3
5736,4
5737,5
5738,6
5739,7
5740,1
5741,2
5742,3
5743,4
5744,5
5745,6
5746,7
5747,1
5748,2
5749,3
5750,4
5751,5
5752,6
5753,7
5754,1
5755,2
5756,3
5757,4
5758,5
5759,6
5760,7
5761,1
5762,2
5763,3
5764,4
5765,5
5766,6
5767,7
5768,1
5769,2
5770,3
5771,4
5772,5
5773,6
5774,7
5775,1
5776,2
5777,3
5778,4
5779,5
5780,6
5781,7
5782,1
5783,2
5784,3
5785,4
5786,5
5787,6
5788,7
5789,1
5790,2
5791,3
5792,4
5793,5
5794,6
5795,7
5796,1
5797,2
5798,3
5799,4
5800,5
5801,6
5802,7
5803,1
5804,2
5805,3
5806,4
5807,5
5808,6
5809,7
5810,1
5811,2
5812,3
5813,4
5814,5
5815,6
5816,7
5817,1
5818,2
5819,3
5820,4
5821,5
5822,6
5823,7
5824,1
5825,2
5826,3
5827,4
5828,5
5829,6
5830,7
5831,1
5832,2
5833,3
5834,4
5835,5
5836,6
5837,7
5838,1
5839,2
5840,3
5841,4
5842,5
5843,6
5844,7
5845,1
5846,2
5847,3
5848,4
5849,5
5850,6
5851,7
5852,1
5853,2
5854,3
5855,4
5856,5
5857,6
5858,7
5859,1
5860,2
5861,3
5862,4
5863,5
5864,6
5865,7
5866,1
5867,2
5868,3
5869,4
5870,5
5871,6
5872,7
5873,1
5874,2
5875,3
5876,4
5877,5
5878,6
5879,7
5880,1
5881,2
5882,3
5883,4
5884,5
5885,6
5886,7
5887,1
5888,2
5889,3
5890,4
5891,5
5892,6
5893,7
5894,1
5895,2
5896,3
5897,4
5898,5
5899,6
5900,7
5901,1
5902,2
5903,3
5904,4
5905,5
5906,6
5907,7
5908,1
5909,2
5910,3
5911,4
5912,5
5913,6
5914,7
5915,1
5916,2
5917,3
5918,4
5919,5
5920,6
5921,7
5922,1
5923,2
5924,3
5925,4
5926,5
5927,6
5928,7
5929,1
5930,2
5931,3
5932,4
5933,5
5934,6
5935,7
5936,1
5937,2
5938,3
5939,4
5940,5
5941,6
5942,7
5943,1
5944,2
5945,3
5946,4
5947,5
5948,6
5949,7
5950,1
5951,2
5952,3
5953,4
5954,5
5955,6
5956,7
5957,1
5958,2
5959,3
5960,4
5961,5
5962,6
5963,7
5964,1
5965,2
5966,3
5967,4
5968,5
5969,6
5970,7
5971,1
5972,2
5973,3
5974,4
5975,5
5976,6
5977,7
5978,1
5979,2
5980,3
5981,4
5982,5
5983,6
5984,7
5985,1
5986,2
5987,3
5988,4
5989,5
5990,6
5991,7
5992,1
5993,2
5994,3
5995,4
5996,5
5997,6
5998,7
5999,1
6000,2
6001,3
6002,4
6003,5
6004,6
6005,7
6006,1
6007,2
6008,3
6009,4
6010,5
6011,6
6012,7
6013,1
6014,2
6015,3
6016,4
6017,5
6018,6
6019,7
6020,1
6021,2
6022,3
6023,4
6024,5
6025,6
6026,7
6027,1
6028,2
6029,3
6030,4
6031,5
6032,6
6033,7
6034,1
6035,2
6036,3
6037,4
6038,5
6039,6
6040,7
6041,1
6042,2
6043,3
6044,4
6045,5
6046,6
6047,7
6048,1
6049,2
6050,3
6051,4
6052,5
6053,6
6054,7
6055,1
6056,2
6057,3
6058,4
6059,5
6060,6
6061,7
6062,1
6063,2
6064,3
6065,4
6066,5
6067,6
6068,7
6069,1
6070,2
6071,3
6072,4
6073,5
6074,6
6075,7
6076,1
6077,2
6078,3
6079,4
6080,5
6081,6
6082,7
6083,1
6084,2
6085,3
6086,4
6087,5
6088,6
6089,7
6090,1
6091,2
6092,3
6093,4
6094,5
6095,6
6096,7
6097,1
6098,2
6099,3
6100,4
6101,5
6102,6
6103,7
6104,1
6105,2
6106,3
6107,4
6108,5
6109,6
6110,7
6111,1
6112,2
6113,3
6114,4
6115,5
6116,6
6117,7
6118,1
6119,2
6120,3
6121,4
6122,5
6123,6
6124,7
6125,1
6126,2
6127,3
6128,4
6129,5
6130,6
6131,7
6132,1
6133,2
6134,3
6135,4
6136,5
6137,6
6138,7
6139,1
6140,2
6141,3
6142,4
6143,5
6144,6
6145,7
6146,1
6147,2
6148,3
6149,4
6150,5
6151,6
6152,7
6153,1
6154,2
6155,3
6156,4
6157,5
6158,6
6159,7
6160,1
6161,2
6162,3
6163,4
6164,5
6165,6
6166,7
6167,1
6168,2
6169,3
6170,4
6171,5
6172,6
6173,7
6174,1
6175,2
6176,3
6177,4
6178,5
6179,6
6180,7
6181,1
6182,2
6183,3
6184,4
6185,5
6186,6
6187,7
6188,1
6189,2
6190,3
6191,4
6192,5
6193,6
6194,7
6195,1
6196,2
6197,3
6198,4
6199,5
6200,6
6201,7
6202,1
6203,2
6204,3
6205,4
6206,5
6207,6
6208,7
6209,1
6210,2
6211,3
6212,4
6213,5
6214,6
6215,7
6216,1
6217,2
6218,3
6219,4
6220,5
6221,6
6222,7
6223,1
6224,2
6225,3
6226,4
6227,5
6228,6
6229,7
6230,1
6231,2
6232,3
6233,4
6234,5
6235,6
6236,7
6237,1
6238,2
6239,3
6240,4
6241,5
6242,6
6243,7
6244,1
6245,2
6246,3
6247,4
6248,5
6249,6
6250,7
6251,1
6252,2
6253,3
6254,4
6255,5
6256,6
6257,7
6258,1
6259,2
6260,3
6261,4
6262,5
6263,6
6264,7
6265,1
6266,2
6267,3
6268,4
6269,5
6270,6
6271,7
6272,1
6273,2
6274,3
6275,4
6276,5
6277,6
6278,7
6279,1
6280,2
6281,3
6282,4
6283,5
6284,6
6285,7
6286,1
6287,2
6288,3
6289,4
6290,5
6291,6
6292,7
6293,1
6294,2
6295,3
6296,4
6297,5
6298,6
6299,7
6300,1
6301,2
6302,3
6303,4
6304,5
6305,6
6306,7
6307,1
6308,2
6309,3
6310,4
6311,5
6312,6
6313,7
6314,1
6315,2
6316,3
6317,4
6318,5
6319,6
6320,7
6321,1
6322,2
6323,3
6324,4
6325,5
6326,6
6327,7
6328,1
6329,2
6330,3
6331,4
6332,5
6333,6
6334,7
6335,1
6336,2
6337,3
6338,4
6339,5
6340,6
6341,7
6342,1
6343,2
6344,3
6345,4
6346,5
6347,6
6348,7
6349,1
6350,2
6351,3
6352,4
6353,5
6354,6
6355,7
6356,1
6357,2
6358,3
6359,4
6360,5
6361,6
6362,7
6363,1
6364,2
6365,3
6366,4
6367,5
6368,6
6369,7
6370,1
6371,2
6372,3
6373,4
6374,5
6375,6
6376,7
6377,1
6378,2
6379,3
6380,4
6381,5
6382,6
6383,7
6384,1
6385,2
6386,3
6387,4
6388,5
6389,6
6390,7
6391,1
6392,2
6393,3
6394,4
6395,5
6396,6
6397,7
6398,1
6399,2
6400,3
6401,4
6402,5
6403,6
6404,7
6405,1
6406,2
6407,3
6408,4
6409,5
6410,6
6411,7
6412,1
6413,2
6414,3
6415,4
6416,5
6417,6
6418,7
6419,1
6420,2
6421,3
6422,4
6423,5
6424,6
6425,7
6426,1
6427,2
6428,3
6429,4
6430,5
6431,6
6432,7
6433,1
6434,2
6435,3
6436,4
6437,5
6438,6
6439,7
6440,1
6441,2
6442,3
6443,4
6444,5
6445,6
6446,7
6447,1
6448,2
6449,3
6450,4
6451,5
6452,6
6453,7
6454,1
6455,2
6456,3
6457,4
6458,5
6459,6
6460,7
6461,1
6462,2
6463,3
6464,4
6465,5
6466,6
6467,7
6468,1
6469,2
6470,3
6471,4
6472,5
6473,6
6474,7
6475,1
6476,2
6477,3
6478,4
6479,5
6480,6
6481,7
6482,1
6483,2
6484,3
6485,4
6486,5
6487,6
6488,7
6489,1
6490,2
6491,3
6492,4
6493,5
6494,6
6495,7
6496,1
6497,2
6498,3
6499,4
6500,5
6501,6
6502,7
6503,1
6504,2
6505,3
6506,4
6507,5
6508,6
6509,7
6510,1
6511,2
6512,3
6513,4
6514,5
6515,6
6516,7
6517,1
6518,2
6519,3
6520,4
6521,5
6522,6
6523,7
6524,1
6525,2
6526,3
6527,4
6528,5
6529,6
6530,7
6531,1
6532,2
6533,3
6534,4
6535,5
6536,6
6537,7
6538,1
6539,2
6540,3
6541,4
6542,5
6543,6
6544,7
6545,1
6546,2
6547,3
6548,4
6549,5
6550,6
6551,7
6552,1
6553,2
6554,3
6555,4
6556,5
6557,6
6558,7
6559,1
6560,2
6561,3
6562,4
6563,5
6564,6
6565,7
6566,1
6567,2
6568,3
6569,4
6570,5
6571,6
6572,7
6573,1
6574,2
6575,3
6576,4
6577,5
6578,6
6579,7
6580,1
6581,2
6582,3
6583,4
6584,5
6585,6
6586,7
6587,1
6588,2
6589,3
6590,4
6591,5
6592,6
6593,7
6594,1
6595,2
6596,3
6597,4
6598,5
6599,6
6600,7
6601,1
6602,2
6603,3
6604,4
6605,5
6606,6
6607,7
6608,1
6609,2
6610,3
6611,4
6612,5
6613,6
6614,7
6615,1
6616,2
6617,3
6618,4
6619,5
6620,6
6621,7
6622,1
6623,2
6624,3
6625,4
6626,5
6627,6
6628,7
6629,1
6630,2
6631,3
6632,4
6633,5
6634,6
6635,7
6636,1
6637,2
6638,3
6639,4
6640,5
6641,6
6642,7
6643,1
6644,2
6645,3
6646,4
6647,5
6648,6
6649,7
6650,1
6651,2
6652,3
6653,4
6654,5
6655,6
6656,7
6657,1
6658,2
6659,3
6660,4
6661,5
6662,6
6663,7
6664,1
6665,2
6666,3
6667,4
6668,5
6669,6
6670,7
6671,1
6672,2
6673,3
6674,4
6675,5
6676,6
6677,7
6678,1
6679,2
6680,3
6681,4
6682,5
6683,6
6684,7
6685,1
6686,2
6687,3
6688,4
6689,5
6690,6
6691,7
6692,1
6693,2
6694,3
6695,4
6696,5
6697,6
6698,7
6699,1
6700,2
6701,3
6702,4
6703,5
6704,6
6705,7
6706,1
6707,2
6708,3
6709,4
6710,5
6711,6
6712,7
6713,1
6714,2
6715,3
6716,4
6717,5
6718,6
6719,7
6720,1
6721,2
6722,3
6723,4
6724,5
6725,6
6726,7
6727,1
6728,2
6729,3
6730,4
6731,5
6732,6
6733,7
6734,1
6735,2
6736,3
6737,4
6738,5
6739,6
6740,7
6741,1
6742,2
6743,3
6744,4
6745,5
6746,6
6747,7
6748,1
6749,2
6750,3
6751,4
6752,5
6753,6
6754,7
6755,1
6756,2
6757,3
6758,4
6759,5
6760,6
6761,7
6762,1
6763,2
6764,3
6765,4
6766,5
6767,6
6768,7
6769,1
6770,2
6771,3
6772,4
6773,5
6774,6
6775,7
6776,1
6777,2
6778,3
6779,4
6780,5
6781,6
6782,7
6783,1
6784,2
6785,3
6786,4
6787,5
6788,6
6789,7
6790,1
6791,2
6792,3
6793,4
6794,5
6795,6
6796,7
6797,1
6798,2
6799,3
6800,4
6801,5
6802,6
6803,7
6804,1
6805,2
6806,3
6807,4
6808,5
6809,6
6810,7
6811,1
6812,2
6813,3
6814,4
6815,5
6816,6
6817,7
6818,1
6819,2
6820,3
6821,4
6822,5
6823,6
6824,7
6825,1
6826,2
6827,3
6828,4
6829,5
6830,6
6831,7
6832,1
6833,2
6834,3
6835,4
6836,5
6837,6
6838,7
6839,1
6840,2
6841,3
6842,4
6843,5
6844,6
6845,7
6846,1
6847,2
6848,3
6849,4
6850,5
6851,6
6852,7
6853,1
6854,2
6855,3
6856,4
6857,5
6858,6
6859,7
6860,1
6861,2
6862,3
6863,4
6864,5
6865,6
6866,7
6867,1
6868,2
6869,3
6870,4
6871,5
6872,6
6873,7
6874,1
6875,2
6876,3
6877,4
6878,5
6879,6
6880,7
6881,1
6882,2
6883,3
6884,4
6885,5
6886,6
6887,7
6888,1
6889,2
6890,3
6891,4
6892,5
6893,6
6894,7
6895,1
6896,2
6897,3
6898,4
6899,5
6900,6
6901,7
6902,1
6903,2
6904,3
6905,4
6906,5
6907,6
6908,7
6909,1
6910,2
6911,3
6912,4
6913,5
6914,6
6915,7
6916,1
6917,2
6918,3
6919,4
6920,5
6921,6
6922,7
6923,1
6924,2
6925,3
6926,4
6927,5
6928,6
6929,7
6930,1
6931,2
6932,3
6933,4
6934,5
6935,6
6936,7
6937,1
6938,2
6939,3
6940,4
6941,5
6942,6
6943,7
6944,1
6945,2
6946,3
6947,4
6948,5
6949,6
6950,7
6951,1
6952,2
6953,3
6954,4
6955,5
6956,6
6957,7
6958,1
6959,2
6960,3
6961,4
6962,5
6963,6
6964,7
6965,1
6966,2
6967,3
6968,4
6969,5
6970,6
6971,7
6972,1
6973,2
6974,3
6975,4
6976,5
6977,6
6978,7
6979,1
6980,2
6981,3
6982,4
6983,5
6984,6
6985,7
6986,1
6987,2
6988,3
6989,4
6990,5
6991,6
6992,7
6993,1
6994,2
6995,3
6996,4
6997,5
6998,6
6999,7
7000,1
7001,2
7002,3
7003,4
7004,5
7005,6
7006,7
7007,1
7008,2
7009,3
7010,4
7011,5
7012,6
7013,7
7014,1
7015,2
7016,3
7017,4
7018,5
7019,6
7020,7
7021,1
7022,2
7023,3
7024,4
7025,5
7026,6
7027,7
7028,1
7029,2
7030,3
7031,4
7032,5
7033,6
7034,7
7035,1
7036,2
7037,3
7038,4
7039,5
7040,6
7041,7
7042,1
7043,2
7044,3
7045,4
7046,5
7047,6
7048,7
7049,1
7050,2
7051,3
7052,4
7053,5
7054,6
7055,7
7056,1
7057,2
7058,3
7059,4
7060,5
7061,6
7062,7
7063,1
7064,2
7065,3
7066,4
7067,5
7068,6
7069,7
7070,1
7071,2
7072,3
7073,4
7074,5
7075,6
7076,7
7077,1
7078,2
7079,3
7080,4
7081,5
7082,6
7083,7
7084,1
7085,2
7086,3
7087,4
7088,5
7089,6
7090,7
7091,1
7092,2
7093,3
7094,4
7095,5
7096,6
7097,7
7098,1
7099,2
7100,3
7101,4
7102,5
7103,6
7104,7
7105,1
7106,2
7107,3
7108,4
7109,5
7110,6
7111,7
7112,1
7113,2
7114,3
7115,4
7116,5
7117,6
7118,7
7119,1
7120,2
7121,3
7122,4
7123,5
7124,6
7125,7
7126,1
7127,2
7128,3
7129,4
7130,5
7131,6
7132,7
7133,1
7134,2
7135,3
7136,4
7137,5
7138,6
7139,7
7140,1
7141,2
7142,3
7143,4
7144,5
7145,6
7146,7
7147,1
7148,2
7149,3
7150,4
7151,5
7152,6
7153,7
7154,1
7155,2
7156,3
7157,4
7158,5
7159,6
7160,7
7161,1
7162,2
7163,3
7164,4
7165,5
7166,6
7167,7
7168,1
7169,2
7170,3
7171,4
7172,5
7173,6
7174,7
7175,1
7176,2
7177,3
7178,4
7179,5
7180,6
7181,7
7182,1
7183,2
7184,3
7185,4
7186,5
7187,6
7188,7
7189,1
7190,2
7191,3
7192,4
7193,5
7194,6
7195,7
7196,1
7197,2
7198,3
7199,4
7200,5
7201,6
7202,7
7203,1
7204,2
7205,3
7206,4
7207,5
7208,6
7209,7
7210,1
7211,2
7212,3
7213,4
7214,5
7215,6
7216,7
7217,1
7218,2
7219,3
7220,4
7221,5
7222,6
7223,7
7224,1
7225,2
7226,3
7227,4
7228,5
7229,6
7230,7
7231,1
7232,2
7233,3
7234,4
7235,5
7236,6
7237,7
7238,1
7239,2
7240,3
7241,4
7242,5
7243,6
7244,7
7245,1
7246,2
7247,3
7248,4
7249,5
7250,6
7251,7
7252,1
7253,2
7254,3
7255,4
7256,5
7257,6
7258,7
7259,1
7260,2
7261,3
7262,4
7263,5
7264,6
7265,7
7266,1
7267,2
7268,3
7269,4
7270,5
7271,6
7272,7
7273,1
7274,2
7275,3
7276,4
7277,5
7278,6
7279,7
7280,1
7281,2
7282,3
7283,4
7284,5
7285,6
7286,7
7287,1
7288,2
7289,3
7290,4
7291,5
7292,6
7293,7
7294,1
7295,2
7296,3
7297,4
7298,5
7299,6
7300,7
7301,1
7302,2
7303,3
7304,4
7305,5
7306,6
7307,7
7308,1
7309,2
7310,3
7311,4
7312,5
7313,6
7314,7
7315,1
7316,2
7317,3
7318,4
7319,5
7320,6
7321,7
7322,1
7323,2
7324,3
7325,4
7326,5
7327,6
7328,7
7329,1
7330,2
7331,3
7332,4
7333,5
7334,6
7335,7
7336,1
7337,2
7338,3
7339,4
7340,5
7341,6
7342,7
7343,1
7344,2
7345,3
7346,4
7347,5
7348,6
7349,7
7350,1
7351,2
7352,3
7353,4
7354,5
7355,6
7356,7
7357,1
7358,2
7359,3
7360,4
7361,5
7362,6
7363,7
7364,1
7365,2
7366,3
7367,4
7368,5
7369,6
7370,7
7371,1
7372,2
7373,3
7374,4
7375,5
7376,6
7377,7
7378,1
7379,2
7380,3
7381,4
7382,5
7383,6
7384,7
7385,1
7386,2
7387,3
7388,4
7389,5
7390,6
7391,7
7392,1
7393,2
7394,3
7395,4
7396,5
7397,6
7398,7
7399,1
7400,2
7401,3
7402,4
7403,5
7404,6
7405,7
7406,1
7407,2
7408,3
7409,4
7410,5
7411,6
7412,7
7413,1
7414,2
7415,3
7416,4
7417,5
7418,6
7419,7
7420,1
7421,2
7422,3
7423,4
7424,5
7425,6
7426,7
7427,1
7428,2
7429,3
7430,4
7431,5
7432,6
7433,7
7434,1
7435,2
7436,3
7437,4
7438,5
7439,6
7440,7
7441,1
7442,2
7443,3
7444,4
7445,5
7446,6
7447,7
7448,1
7449,2
7450,3
7451,4
7452,5
7453,6
7454,7
7455,1
7456,2
7457,3
7458,4
7459,5
7460,6
7461,7
7462,1
7463,2
7464,3
7465,4
7466,5
7467,6
7468,7
7469,1
7470,2
7471,3
7472,4
7473,5
7474,6
7475,7
7476,1
7477,2
7478,3
7479,4
7480,5
7481,6
7482,7
7483,1
7484,2
7485,3
7486,4
7487,5
7488,6
7489,7
7490,1
7491,2
7492,3
7493,4
7494,5
7495,6
7496,7
7497,1
7498,2
7499,3
7500,4
7501,5
7502,6
7503,7
7504,1
7505,2
7506,3
7507,4
7508,5
7509,6
7510,7
7511,1
7512,2
7513,3
7514,4
7515,5
7516,6
7517,7
7518,1
7519,2
7520,3
7521,4
7522,5
7523,6
7524,7
7525,1
7526,2
7527,3
7528,4
7529,5
7530,6
7531,7
7532,1
7533,2
7534,3
7535,4
7536,5
7537,6
7538,7
7539,1
7540,2
7541,3
7542,4
7543,5
7544,6
7545,7
7546,1
7547,2
7548,3
7549,4
7550,5
7551,6
7552,7
7553,1
7554,2
7555,3
7556,4
7557,5
7558,6
7559,7
7560,1
7561,2
7562,3
7563,4
7564,5
7565,6
7566,7
7567,1
7568,2
7569,3
7570,4
7571,5
7572,6
7573,7
7574,1
7575,2
7576,3
7577,4
7578,5
7579,6
7580,7
7581,1
7582,2
7583,3
7584,4
7585,5
7586,6
7587,7
7588,1
7589,2
7590,3
7591,4
7592,5
7593,6
7594,7
7595,1
7596,2
7597,3
7598,4
7599,5
7600,6
7601,7
7602,1
7603,2
7604,3
7605,4
7606,5
7607,6
7608,7
7609,1
7610,2
7611,3
7612,4
7613,5
7614,6
7615,7
7616,1
7617,2
7618,3
7619,4
7620,5
7621,6
7622,7
7623,1
7624,2
7625,3
7626,4
7627,5
7628,6
7629,7
7630,1
7631,2
7632,3
7633,4
7634,5
7635,6
7636,7
7637,1
7638,2
7639,3
7640,4
7641,5
7642,6
7643,7
7644,1
7645,2
7646,3
7647,4
7648,5
7649,6
7650,7
7651,1
7652,2
7653,3
7654,4
7655,5
7656,6
7657,7
7658,1
7659,2
7660,3
7661,4
7662,5
7663,6
7664,7
7665,1
7666,2
7667,3
7668,4
7669,5
7670,6
7671,7
7672,1
7673,2
7674,3
7675,4
7676,5
7677,6
7678,7
7679,1
7680,2
7681,3
7682,4
7683,5
7684,6
7685,7
7686,1
7687,2
7688,3
7689,4
7690,5
7691,6
7692,7
7693,1
7694,2
7695,3
7696,4
7697,5
7698,6
7699,7
7700,1
7701,2
7702,3
7703,4
7704,5
7705,6
7706,7
7707,1
7708,2
7709,3
7710,4
7711,5
7712,6
7713,7
7714,1
7715,2
7716,3
7717,4
7718,5
7719,6
7720,7
7721,1
7722,2
7723,3
7724,4
7725,5
7726,6
7727,7
7728,1
7729,2
7730,3
7731,4
7732,5
7733,6
7734,7
7735,1
7736,2
7737,3
7738,4
7739,5
7740,6
7741,7
7742,1
7743,2
7744,3
7745,4
7746,5
7747,6
7748,7
7749,1
7750,2
7751,3
7752,4
7753,5
7754,6
7755,7
7756,1
7757,2
7758,3
7759,4
7760,5
7761,6
7762,7
7763,1
7764,2
7765,3
7766,4
7767,5
7768,6
7769,7
7770,1
7771,2
7772,3
7773,4
7774,5
7775,6
7776,7
7777,1
7778,2
7779,3
7780,4
7781,5
7782,6
7783,7
7784,1
7785,2
7786,3
7787,4
7788,5
7789,6
7790,7
7791,1
7792,2
7793,3
7794,4
7795,5
7796,6
7797,7
7798,1
7799,2
7800,3
7801,4
7802,5
7803,6
7804,7
7805,1
7806,2
7807,3
7808,4
7809,5
7810,6
7811,7
7812,1
7813,2
7814,3
7815,4
7816,5
7817,6
7818,7
7819,1
7820,2
7821,3
7822,4
7823,5
7824,6
7825,7
7826,1
7827,2
7828,3
7829,4
7830,5
7831,6
7832,7
7833,1
7834,2
7835,3
7836,4
7837,5
7838,6
7839,7
7840,1
7841,2
7842,3
7843,4
7844,5
7845,6
7846,7
7847,1
7848,2
7849,3
7850,4
7851,5
7852,6
7853,7
7854,1
7855,2
7856,3
7857,4
7858,5
7859,6
7860,7
7861,1
7862,2
7863,3
7864,4
7865,5
7866,6
7867,7
7868,1
7869,2
7870,3
7871,4
7872,5
7873,6
7874,7
7875,1
7876,2
7877,3
7878,4
7879,5
7880,6
7881,7
7882,1
7883,2
7884,3
7885,4
7886,5
7887,6
7888,7
7889,1
7890,2
7891,3
7892,4
7893,5
7894,6
7895,7
7896,1
7897,2
7898,3
7899,4
7900,5
7901,6
7902,7
7903,1
7904,2
7905,3
7906,4
7907,5
7908,6
7909,7
7910,1
7911,2
7912,3
7913,4
7914,5
7915,6
7916,7
7917,1
7918,2
7919,3
7920,4
7921,5
7922,6
7923,7
7924,1
7925,2
7926,3
7927,4
7928,5
7929,6
7930,7
7931,1
7932,2
7933,3
7934,4
7935,5
7936,6
7937,7
7938,1
7939,2
7940,3
7941,4
7942,5
7943,6
7944,7
7945,1
7946,2
7947,3
7948,4
7949,5
7950,6
7951,7
7952,1
7953,2
7954,3
7955,4
7956,5
7957,6
7958,7
7959,1
7960,2
7961,3
7962,4
7963,5
7964,6
7965,7
7966,1
7967,2
7968,3
7969,4
7970,5
7971,6
7972,7
7973,1
7974,2
7975,3
7976,4
7977,5
7978,6
7979,7
7980,1
7981,2
7982,3
7983,4
7984,5
7985,6
7986,7
7987,1
7988,2
7989,3
7990,4
7991,5
7992,6
7993,7
7994,1
7995,2
7996,3
7997,4
7998,5
7999,6
8000,7
8001,1
8002,2
8003,3
8004,4
8005,5
8006,6
8007,7
8008,1
8009,2
8010,3
8011,4
8012,5
8013,6
8014,7
8015,1
8016,2
8017,3
8018,4
8019,5
8020,6
8021,7
8022,1
8023,2
8024,3
8025,4
8026,5
8027,6
8028,7
8029,1
8030,2
8031,3
8032,4
8033,5
8034,6
8035,7
8036,1
8037,2
8038,3
8039,4
8040,5
8041,6
8042,7
8043,1
8044,2
8045,3
8046,4
8047,5
8048,6
8049,7
8050,1
8051,2
8052,3
8053,4
8054,5
8055,6
8056,7
8057,1
8058,2
8059,3
8060,4
8061,5
8062,6
8063,7
8064,1
8065,2
8066,3
8067,4
8068,5
8069,6
8070,7
8071,1
8072,2
8073,3
8074,4
8075,5
8076,6
8077,7
8078,1
8079,2
8080,3
8081,4
8082,5
8083,6
8084,7
8085,1
8086,2
8087,3
8088,4
8089,5
8090,6
8091,7
8092,1
8093,2
8094,3
8095,4
8096,5
8097,6
8098,7
8099,1
8100,2
8101,3
8102,4
8103,5
8104,6
8105,7
8106,1
8107,2
8108,3
8109,4
8110,5
8111,6
8112,7
8113,1
8114,2
8115,3
8116,4
8117,5
8118,6
8119,7
8120,1
8121,2
8122,3
8123,4
8124,5
8125,6
8126,7
8127,1
8128,2
8129,3
8130,4
8131,5
8132,6
8133,7
8134,1
8135,2
8136,3
8137,4
8138,5
8139,6
8140,7
8141,1
8142,2
8143,3
8144,4
8145,5
8146,6
8147,7
8148,1
8149,2
8150,3
8151,4
8152,5
8153,6
8154,7
8155,1
8156,2
8157,3
8158,4
8159,5
8160,6
8161,7
8162,1
8163,2
8164,3
8165,4
8166,5
8167,6
8168,7
8169,1
8170,2
8171,3
8172,4
8173,5
8174,6
8175,7
8176,1
8177,2
8178,3
8179,4
8180,5
8181,6
8182,7
8183,1
8184,2
8185,3
8186,4
8187,5
8188,6
8189,7
8190,1
8191,2
8192,3
8193,4
8194,5
8195,6
8196,7
8197,1
8198,2
8199,3
8200,4
8201,5
8202,6
8203,7
8204,1
8205,2
8206,3
8207,4
8208,5
8209,6
8210,7
8211,1
8212,2
8213,3
8214,4
8215,5
8216,6
8217,7
8218,1
8219,2
8220,3
8221,4
8222,5
8223,6
8224,7
8225,1
8226,2
8227,3
8228,4
8229,5
8230,6
8231,7
8232,1
8233,2
8234,3
8235,4
8236,5
8237,6
8238,7
8239,1
8240,2
8241,3
8242,4
8243,5
8244,6
8245,7
8246,1
8247,2
8248,3
8249,4
8250,5
8251,6
8252,7
8253,1
8254,2
8255,3
8256,4
8257,5
8258,6
8259,7
8260,1
8261,2
8262,3
8263,4
8264,5
8265,6
8266,7
8267,1
8268,2
8269,3
8270,4
8271,5
8272,6
8273,7
8274,1
8275,2
8276,3
8277,4
8278,5
8279,6
8280,7
8281,1
8282,2
8283,3
8284,4
8285,5
8286,6
8287,7
8288,1
8289,2
8290,3
8291,4
8292,5
8293,6
8294,7
8295,1
8296,2
8297,3
8298,4
8299,5
8300,6
8301,7
8302,1
8303,2
8304,3
8305,4
8306,5
8307,6
8308,7
8309,1
8310,2
8311,3
8312,4
8313,5
8314,6
8315,7
8316,1
8317,2
8318,3
8319,4
8320,5
8321,6
8322,7
8323,1
8324,2
8325,3
8326,4
8327,5
8328,6
8329,7
8330,1
8331,2
8332,3
8333,4
8334,5
8335,6
8336,7
8337,1
8338,2
8339,3
8340,4
8341,5
8342,6
8343,7
8344,1
8345,2
8346,3
8347,4
8348,5
8349,6
8350,7
8351,1
8352,2
8353,3
8354,4
8355,5
8356,6
8357,7
8358,1
8359,2
8360,3
8361,4
8362,5
8363,6
8364,7
8365,1
8366,2
8367,3
8368,4
8369,5
8370,6
8371,7
8372,1
8373,2
8374,3
8375,4
8376,5
8377,6
8378,7
8379,1
8380,2
8381,3
8382,4
8383,5
8384,6
8385,7
8386,1
8387,2
8388,3
8389,4
8390,5
8391,6
8392,7
8393,1
8394,2
8395,3
8396,4
8397,5
8398,6
8399,7
8400,1
8401,2
8402,3
8403,4
8404,5
8405,6
8406,7
8407,1
8408,2
8409,3
8410,4
8411,5
8412,6
8413,7
8414,1
8415,2
8416,3
8417,4
8418,5
8419,6
8420,7
8421,1
8422,2
8423,3
8424,4
8425,5
8426,6
8427,7
8428,1
8429,2
8430,3
8431,4
8432,5
8433,6
8434,7
8435,1
8436,2
8437,3
8438,4
8439,5
8440,6
8441,7
8442,1
8443,2
8444,3
8445,4
8446,5
8447,6
8448,7
8449,1
8450,2
8451,3
8452,4
8453,5
8454,6
8455,7
8456,1
8457,2
8458,3
8459,4
8460,5
8461,6
8462,7
8463,1
8464,2
8465,3
8466,4
8467,5
8468,6
8469,7
8470,1
8471,2
8472,3
8473,4
8474,5
8475,6
8476,7
8477,1
8478,2
8479,3
8480,4
8481,5
8482,6
8483,7
8484,1
8485,2
8486,3
8487,4
8488,5
8489,6
8490,7
8491,1
8492,2
8493,3
8494,4
8495,5
8496,6
8497,7
8498,1
8499,2
8500,3
8501,4
8502,5
8503,6
8504,7
8505,1
8506,2
8507,3
8508,4
8509,5
8510,6
8511,7
8512,1
8513,2
8514,3
8515,4
8516,5
8517,6
8518,7
8519,1
8520,2
8521,3
8522,4
8523,5
8524,6
8525,7
8526,1
8527,2
8528,3
8529,4
8530,5
8531,6
8532,7
8533,1
8534,2
8535,3
8536,4
8537,5
8538,6
8539,7
8540,1
8541,2
8542,3
8543,4
8544,5
8545,6
8546,7
8547,1
8548,2
8549,3
8550,4
8551,5
8552,6
8553,7
8554,1
8555,2
8556,3
8557,4
8558,5
8559,6
8560,7
8561,1
8562,2
8563,3
8564,4
8565,5
8566,6
8567,7
8568,1
8569,2
8570,3
8571,4
8572,5
8573,6
8574,7
8575,1
8576,2
8577,3
8578,4
8579,5
8580,6
